3.799150664202111116e-13
3.654854197066015331e-13
3.496348176257324525e-13
3.778633222289995430e-13
3.761724005207911503e-13
3.691465536026505845e-13
3.739964067606127429e-13
3.741132837548066803e-13
3.598712040170370940e-13
4.049926626698008292e-13
3.572172939392270763e-13
3.828651805315441692e-13
3.823811926817466400e-13
3.784119285282772083e-13
3.691354947404912323e-13
3.850353195999911549e-13
3.752738137602351642e-13
3.736626893319217046e-13
3.914975982288737555e-13
3.898793180662218916e-13
3.717078728149303402e-13
3.666791262985080735e-13
3.843271187409236234e-13
3.684964659800282760e-13
4.023669418484754345e-13
3.999849496755247813e-13
3.403249904110339230e-13
4.041010148031487503e-13
3.564973836966967013e-13
4.015869668055893627e-13
