1.760407225885898930e+00
1.764331161503680745e+00
1.770412804847801169e+00
1.770336748893051482e+00
1.784390007238343623e+00
1.781585130934813410e+00
1.777576293950212660e+00
1.763765934052088813e+00
1.778939249464003947e+00
1.792607981291205466e+00
1.789309911678510945e+00
1.767252776372605139e+00
1.764082569158031299e+00
1.763715834318731135e+00
1.774892645839165617e+00
1.776688135472619834e+00
1.805040402812940981e+00
1.756439972289947971e+00
1.793223059599946101e+00
1.797994372672869323e+00
1.776461374744752408e+00
1.774915285167520507e+00
1.808035395084649277e+00
1.755774277611962919e+00
1.784065997402288994e+00
1.773061935600025674e+00
1.790575611225236674e+00
1.806184405661647396e+00
1.769602525735080256e+00
1.779532529875374580e+00
