1.015210164107321907e+04
1.027788139257801777e+04
1.008856886526701965e+04
1.011163358474311462e+04
1.008152284048022557e+04
1.008369214521380127e+04
1.013335508999406557e+04
1.009771831965027741e+04
1.023598263382073492e+04
1.014466973404501368e+04
1.028189078614858590e+04
1.010575298502070473e+04
1.004382354839605614e+04
1.012668715853490357e+04
1.027865560522877786e+04
1.006440570448120889e+04
1.008836942154456847e+04
1.013574699039885309e+04
1.008103987522190619e+04
1.007715548322339600e+04
1.011572209355352243e+04
1.013253140201028873e+04
1.005529008786371378e+04
1.009780442005048280e+04
1.012032244551741314e+04
1.023753450972886640e+04
1.017460810347670304e+04
1.006742270032987653e+04
1.013104564886618755e+04
1.002705939394647794e+04
