1.260325591715356624e-10
1.131183754784917421e-10
1.004963642285681075e-10
1.093719363019848094e-10
1.095104830663713885e-10
1.152444537691095474e-10
1.200912763968840324e-10
1.152624314582434664e-10
1.183550682907748346e-10
1.088798479516483521e-10
1.155530382511929224e-10
1.125013407660585283e-10
1.133417199742396867e-10
1.125083781177809955e-10
1.187189555890971225e-10
1.163318514105959798e-10
1.338692827916201806e-10
1.310880310701441572e-10
1.085877354536290285e-10
1.099109611798004925e-10
1.133881160175274210e-10
1.163592761777546205e-10
1.140395080501883063e-10
1.231086176798775541e-10
1.034351653796204552e-10
1.144288237619372959e-10
1.277126198972011515e-10
1.026082546744408419e-10
1.166396448773304521e-10
1.193686864741520776e-10
