9.694765451257764122e-01
8.807863486010449883e-01
7.600403081287386842e-01
8.381451470324706721e-01
8.425041957389975966e-01
8.226877987537758452e-01
8.791178025062689194e-01
8.512843317481489924e-01
8.384296266593506131e-01
7.951130509671729962e-01
8.352309078557881294e-01
8.681545625335418404e-01
8.495993136671088353e-01
8.603101148741780779e-01
8.714454351017221212e-01
8.818528391472655326e-01
9.860064109692970868e-01
9.623653133666255632e-01
8.166105757562077683e-01
8.613769722277041518e-01
8.018275338587076417e-01
8.787654743991318851e-01
8.449050459535462076e-01
9.577960341585021187e-01
8.141078258887077812e-01
9.045178430430023120e-01
8.688963660551624058e-01
8.159279623095031519e-01
8.566421468486390411e-01
8.896558832283545382e-01
