1.159570244200971345e+01
1.059378571201208530e+01
9.815347031303900849e+00
1.131192007384994191e+01
1.089148586347097414e+01
1.095340120001745809e+01
1.128795812599557635e+01
1.168268185960607042e+01
8.882642870977761618e+00
1.096006060210068256e+01
1.196038821632239113e+01
1.127297760375379454e+01
1.060753934454150560e+01
1.052532219339919450e+01
1.089025061750406209e+01
1.024764617084009544e+01
1.100866473720812877e+01
1.084870203678527290e+01
1.040584416067555118e+01
1.124488048605284085e+01
1.030457095647202337e+01
1.100346032522844553e+01
1.038529806664867117e+01
1.170141628471151130e+01
1.131015346647615161e+01
1.068596508413443225e+01
1.137006817048919594e+01
1.094452058844425579e+01
1.033925329392956094e+01
1.079056487534510822e+01
