3.143801347450358302e-12
2.797652180516860439e-12
2.800270313617044329e-12
3.119674089980335914e-12
2.806441207829873767e-12
3.029935265169246409e-12
3.007970363064281331e-12
3.348965727537024303e-12
3.019773704503831910e-12
2.788230734688504527e-12
3.136509103588108575e-12
3.174047030524325408e-12
2.664362769310996831e-12
2.946641284719644406e-12
3.061402361812220335e-12
2.875799296234941155e-12
3.280864437819972640e-12
2.905359643257218911e-12
2.991182242894534563e-12
3.194230550025776820e-12
3.144457796290414490e-12
2.746324614797584010e-12
2.902518254294995416e-12
3.101550341154304252e-12
3.019731088582189651e-12
2.769201390751311297e-12
2.892077095994626153e-12
2.760827235093665441e-12
2.957384738914493362e-12
2.622043283789289060e-12
