8.874170222202839575e-01
8.943443559691800493e-01
8.909204069213116917e-01
8.895919841852436560e-01
8.939571939423350821e-01
8.964137183072833359e-01
8.921670638137103593e-01
8.918005724503031972e-01
8.928254714544103798e-01
8.917379217435331684e-01
8.887346020060280516e-01
8.977564836807955251e-01
8.903596378546618784e-01
8.922528067550627995e-01
8.940253980506495113e-01
8.936012243005876377e-01
8.878579555882881724e-01
8.938110150723236336e-01
8.894071228295870046e-01
8.938460331893784971e-01
8.956924377136432636e-01
8.918412730408734612e-01
8.951917230259855973e-01
8.883418558741241755e-01
8.896786632038934384e-01
8.858756488534336171e-01
8.936144845979705487e-01
8.853838579951174292e-01
8.908941050454203259e-01
8.940275088923871349e-01
