2.014116453283451946e+01
2.043782757079048551e+01
2.074902924986458430e+01
2.043900379235294906e+01
2.132028726177037825e+01
2.066916201039499867e+01
2.124252742379311343e+01
2.101184618965402606e+01
2.038690747552026750e+01
2.113436848804308710e+01
2.129914277257396904e+01
2.071490200172935303e+01
2.063779150531117423e+01
2.054837718530819046e+01
2.076110746584095423e+01
2.095363489721226813e+01
2.133329894908914426e+01
2.031373756180825652e+01
2.097329104624969887e+01
2.069317583781113967e+01
2.040261042994745821e+01
2.115588865917971617e+01
2.096940784418014303e+01
2.066530274734121519e+01
2.100914574762975207e+01
2.058197591646240099e+01
2.098979760382900750e+01
2.105340926955883063e+01
2.108942732424578992e+01
2.085033880928260075e+01
