4.949229303006130749e+02 4.939505245140196621e+02 4.901202798465454862e+02 4.852755068444533890e+02 4.577876016883600414e+02 4.396020821600880595e+02 3.585115815703174462e+02 3.238050232519005363e+02
4.013781330736292148e+02 3.997702749777658937e+02 3.921876904678497908e+02 3.835686451524960603e+02 3.544514880006643125e+02 3.460087241597850607e+02 3.120695158452610940e+02 2.917218295129340504e+02
4.442925081323049881e+02 4.409152486076280297e+02 4.388010918382619820e+02 4.384461647553594048e+02 4.283354927590411307e+02 4.149284160395773711e+02 3.589536171922778749e+02 3.297833043585151245e+02
3.909697273787352287e+02 3.905821725555828152e+02 3.893248175414679508e+02 3.886376434809401417e+02 3.884984172595300151e+02 3.868140563712019571e+02 3.613012311884515384e+02 3.374443084543189002e+02
4.017494922471241239e+02 4.004928429779112662e+02 3.974391862228833929e+02 3.981219639008495506e+02 3.975572077130420325e+02 3.900941302267656283e+02 3.325906109060836116e+02 3.062323413566034560e+02
4.403893216198670189e+02 4.402568531200271309e+02 4.377230201363236120e+02 4.340512768365778697e+02 4.228668312668988847e+02 4.195215348894848830e+02 3.612971567696403099e+02 3.239989577208854143e+02
4.766435970504862780e+02 4.753957142340245241e+02 4.689740344052515297e+02 4.630262527448604715e+02 4.495089974546696112e+02 4.330177060471188497e+02 3.851354903770399005e+02 3.537071220789597419e+02
3.830346645281459814e+02 3.836442866814328454e+02 3.803290189306145521e+02 3.753836406964685466e+02 3.587967135032691885e+02 3.517941254216171956e+02 3.310215548715902969e+02 3.331045382996163084e+02
3.547729070523721475e+02 3.538137692352701720e+02 3.499542938420915448e+02 3.467360161957103628e+02 3.440162932196138854e+02 3.418180717268554645e+02 3.121095498250504079e+02 3.007282931403855173e+02
4.619142466873173589e+02 4.609022427251499039e+02 4.571525376100382232e+02 4.529286564735284060e+02 4.344234458811062041e+02 4.168021574054076837e+02 3.523968886052774678e+02 3.268321450293895509e+02
4.393911440344492121e+02 4.389832117782100340e+02 4.361689051769715775e+02 4.334955696887590193e+02 4.176988174947005064e+02 4.053035251422659826e+02 3.611876647953999964e+02 3.271886981744271452e+02
4.805346626898312934e+02 4.806007242018887382e+02 4.791174007401216954e+02 4.770364125418989261e+02 4.691832016106588981e+02 4.609923244004983758e+02 3.821028159237701516e+02 3.322715025121487997e+02
4.954420917678179421e+02 4.939979114091968313e+02 4.883996865568070120e+02 4.823972705398899734e+02 4.589885723798748245e+02 4.423240961164553937e+02 3.531689600044556414e+02 3.034111915998590234e+02
4.152819167940292573e+02 4.154851279636179697e+02 4.120246498573577014e+02 4.071055229666393984e+02 3.957981602713762754e+02 3.837094846349915542e+02 3.485585781103637828e+02 3.337612823082330351e+02
4.032823104299392298e+02 4.029298673302645284e+02 4.020075337030148717e+02 4.012093747127270262e+02 3.909635030315396307e+02 3.828468573694040060e+02 3.512629212775799488e+02 3.219691797022975948e+02
4.505561449830019569e+02 4.490730368428759789e+02 4.438285542255157452e+02 4.422099099278685799e+02 4.294413760335289680e+02 4.176649137363524460e+02 3.571294567472656354e+02 3.449488783546164541e+02
5.006202750268171258e+02 4.987038437435971332e+02 4.958840051602567200e+02 4.934516765590028626e+02 4.768044922830334826e+02 4.604545000991280403e+02 4.035187650411903633e+02 3.759112995161428898e+02
4.242039665996351800e+02 4.230208561411029677e+02 4.180164814723689233e+02 4.115045839435570088e+02 4.011430643926361768e+02 3.851955278933212412e+02 3.592540390876317815e+02 3.260741208106552449e+02
4.481242506260115874e+02 4.480045541073380946e+02 4.455585053207948931e+02 4.426869558496565560e+02 4.251095152703763915e+02 4.061610487101263516e+02 3.627000371111452068e+02 3.666668554637619764e+02
5.058143496461046311e+02 5.043326601627852597e+02 4.980463640340611846e+02 4.907829597636133485e+02 4.660201387847072283e+02 4.461966274651351227e+02 3.765342006097329204e+02 3.407797136698601435e+02
4.799195015909692756e+02 4.794866145562035626e+02 4.776689615704646030e+02 4.768090324253511199e+02 4.596199855514170736e+02 4.365074488824360515e+02 3.478024335637617241e+02 3.097008755134019111e+02
4.115736190684083340e+02 4.112451117316916793e+02 4.132177634607453456e+02 4.121708748581203281e+02 4.032579839408624025e+02 3.942429300295617622e+02 3.424472471048609350e+02 3.139586414149473512e+02
4.145656031896495506e+02 4.129225824803914406e+02 4.099014197547471099e+02 4.058354292687698717e+02 3.909041216449980993e+02 3.795256794766568191e+02 3.314244091694621943e+02 2.996088725610464962e+02
4.428448856014617832e+02 4.443492827276454591e+02 4.462191289974929305e+02 4.457601186138190315e+02 4.396748008852371186e+02 4.281254277224907128e+02 3.546630228575515957e+02 3.291635101092192599e+02
4.815544674470605173e+02 4.819926651072013328e+02 4.837604517113055067e+02 4.812418799602606896e+02 4.638194256065190757e+02 4.472102445802406692e+02 3.804151081931088356e+02 3.304477378343567011e+02
4.355152027699342625e+02 4.356886364151870907e+02 4.346068274282476409e+02 4.336099859352979706e+02 4.249304678659707974e+02 4.180960353474056888e+02 3.728609646283678103e+02 3.487285026759477091e+02
4.192350035460605682e+02 4.189243386799594191e+02 4.169228036386659824e+02 4.134159746740473338e+02 3.970299869746055492e+02 3.905313327107753025e+02 3.710278014331723284e+02 3.553538883624116806e+02
4.267518119905766980e+02 4.245452798616306609e+02 4.187188478958639166e+02 4.117882564593575125e+02 3.855881559424377087e+02 3.675866171005596925e+02 3.099057198875639756e+02 2.834069975577855303e+02
3.963873939525902870e+02 3.957510120056648475e+02 3.920737802427184420e+02 3.897558807295833958e+02 3.742270189285432025e+02 3.684111109906614274e+02 3.441767890637320306e+02 3.153873901984987356e+02
4.539521256800034053e+02 4.529213609759274277e+02 4.481333478680288636e+02 4.447719666036358603e+02 4.327737819617317427e+02 4.249037758864994885e+02 3.764251150367701371e+02 3.583099194206163247e+02
