5.668600661726355838e+02 5.664016549902712541e+02 5.645682167473105437e+02 5.622768873253615993e+02 5.439657603003479380e+02 5.249789372937088956e+02 4.731770840411913355e+02 4.218447541606782352e+02
5.746019394865753611e+02 5.738337360706738082e+02 5.726836508010388798e+02 5.724308521727865582e+02 5.704093303288004790e+02 5.647809497461297497e+02 5.023876584336199471e+02 4.717999106313678794e+02
5.708919989474752583e+02 5.703887063690765444e+02 5.683756029238700194e+02 5.658593754093542429e+02 5.491663190114637700e+02 5.416028686012633671e+02 4.695260847711297743e+02 3.836285099917969887e+02
5.693608454658404980e+02 5.692276739126120901e+02 5.687887168830329756e+02 5.710205509287613950e+02 6.074517748826926891e+02 6.284627901429934127e+02 5.141858073077781910e+02 4.745688062463861456e+02
5.678164380760055110e+02 5.675760666772087006e+02 5.666149227027943880e+02 5.654142646475947913e+02 5.558405294958480454e+02 5.439554732169332283e+02 5.082470758212858755e+02 4.434605961017825280e+02
5.513713273571062246e+02 5.510974065021390516e+02 5.500018249160460755e+02 5.486325782032529332e+02 5.381384117504974256e+02 5.328944106713146311e+02 4.552613142538297666e+02 3.750836621480472104e+02
5.603537540876541243e+02 5.595934584097717561e+02 5.565523350258501978e+02 5.528031553780151626e+02 5.436509879605496280e+02 5.391865486999842005e+02 5.097460482317949300e+02 4.655074106817866095e+02
5.643394658838977875e+02 5.635194408403891657e+02 5.602400003252621445e+02 5.561422057925667559e+02 5.495824111112883656e+02 5.436769927153395656e+02 4.532512972557452713e+02 3.859521291181428637e+02
5.725500048613920399e+02 5.720767372357873910e+02 5.701837460776916942e+02 5.686404175741056406e+02 5.572241848580990791e+02 5.430350169062331815e+02 4.903244991750003123e+02 4.637102429813495519e+02
5.660288956022377533e+02 5.658926398120155454e+02 5.653477085583566577e+02 5.646667517814266830e+02 5.592274880569272000e+02 5.518850806920754621e+02 4.941096267509173572e+02 4.431544104767587555e+02
5.723120564849529046e+02 5.720560420480247785e+02 5.710329291683635802e+02 5.697563570915759783e+02 5.598894546703544393e+02 5.500691089292748757e+02 4.758851751205324376e+02 4.942188972942788041e+02
5.685808426159497913e+02 5.679136771510521839e+02 5.652461220426814634e+02 5.619141978965369617e+02 5.488841879201647771e+02 5.469592774165673745e+02 5.381179223341881652e+02 5.241357371157604348e+02
5.810778845572791624e+02 5.802294764303948114e+02 5.768358577970092256e+02 5.751004548453709049e+02 5.653667469441114690e+02 5.532862192479431087e+02 5.030371377676540305e+02 4.534948860127743160e+02
5.739589155041005597e+02 5.737608862997291226e+02 5.729688301394471637e+02 5.719788968902646502e+02 5.641018170412863810e+02 5.534730335029913704e+02 4.756342771862093741e+02 4.717927478535752925e+02
5.654206155321497818e+02 5.651631964682769649e+02 5.641335328184244418e+02 5.628464817485125877e+02 5.525512389000829216e+02 5.435849562612182808e+02 4.972215021849955292e+02 4.834190389620746373e+02
5.611535303084680208e+02 5.598580937809505258e+02 5.546771997797493441e+02 5.484404947848883012e+02 5.403801852204667284e+02 5.320413699497916014e+02 5.681801418094959217e+02 6.145618832946041721e+02
5.794924231079190804e+02 5.792518424052647106e+02 5.782897472372758330e+02 5.770876426077775250e+02 5.688872312752553171e+02 5.657869936117576799e+02 5.513425069939000878e+02 5.375891735878483360e+02
5.752288349157836365e+02 5.751674445126784576e+02 5.749221218902481496e+02 5.746160069133990191e+02 5.721887316394546588e+02 5.692092944793176912e+02 5.213190422879854395e+02 4.841747480298327559e+02
5.591761152820000689e+02 5.573001921430503671e+02 5.510832078742713520e+02 5.484224967833697519e+02 5.415322396166003500e+02 5.332353143914426710e+02 4.902917856448639782e+02 4.422356034820277273e+02
5.636044128406825848e+02 5.633869672126932073e+02 5.625172265296015439e+02 5.614301451551727951e+02 5.527373461639692778e+02 5.418813442527605275e+02 4.652617232632047148e+02 4.164694991459208495e+02
5.543823752881792188e+02 5.541084727930966665e+02 5.531907047388103820e+02 5.519992705977950891e+02 5.424764950249530102e+02 5.328722208365605866e+02 4.407181679186216456e+02 3.470342289970623710e+02
5.821226372335680708e+02 5.813802392699152506e+02 5.784119833081824709e+02 5.761189750392417182e+02 5.661892416670845023e+02 5.593485024770616292e+02 4.748653842132477507e+02 4.030580613560229040e+02
5.698394230170888477e+02 5.686144976438840786e+02 5.641936374617508818e+02 5.620138847205996626e+02 5.504774983140619042e+02 5.380416224344513694e+02 4.909755758429618595e+02 4.797564908643771560e+02
5.757743837783521030e+02 5.753975899272544439e+02 5.738905763789280172e+02 5.720071760182140679e+02 5.618951640522014941e+02 5.507967016084304532e+02 4.843159288475309268e+02 5.029620171040604077e+02
5.615973522024651174e+02 5.613859956892465561e+02 5.605406383214497055e+02 5.594840967368718339e+02 5.532177878888950318e+02 5.442326714684990066e+02 4.826301156522478095e+02 4.523992524036884788e+02
5.590689879429011171e+02 5.589716684070425572e+02 5.585825191014989741e+02 5.580963728600835339e+02 5.522665548412926455e+02 5.409465073068555512e+02 4.643877506046521262e+02 4.301763157225288978e+02
5.730994177492808603e+02 5.727974748015950581e+02 5.717561341628745595e+02 5.709884473797928877e+02 5.641399006391308149e+02 5.542643037314520598e+02 4.944574661525545594e+02 4.734968446561022688e+02
5.664133508478111025e+02 5.658035950204855453e+02 5.633646555171961836e+02 5.601887134758509319e+02 5.394686913780801660e+02 5.314037122857022268e+02 4.838732228673098916e+02 4.724209048515007794e+02
5.559905112121010688e+02 5.555668298261659857e+02 5.538722655747475301e+02 5.520639450811831921e+02 5.385225176272359704e+02 5.318381597866184620e+02 5.576444548143051634e+02 5.808110241051579123e+02
5.640542519754335444e+02 5.638297759197954520e+02 5.629321106547855607e+02 5.618105688754360472e+02 5.528602555642664811e+02 5.445027418802992543e+02 4.840566753981577222e+02 4.694448324173894775e+02
