5.500968470750078723e+02 5.501274924782967446e+02 5.507786734781769837e+02 5.526297505102187415e+02 5.879958349051804589e+02 6.573367943859851721e+02 1.293077303416880341e+03 1.874602495888678504e+03
5.374432754848299965e+02 5.374979695736434451e+02 5.381995492047104790e+02 5.399906497879675271e+02 5.744944768139105236e+02 6.433310663300328542e+02 1.281403897651983925e+03 1.856841191536879705e+03
5.368792348757884838e+02 5.369242326951025461e+02 5.376379588612535372e+02 5.391601015683457945e+02 5.720684109659022170e+02 6.391546518909489123e+02 1.259528107418820809e+03 1.800656175479384274e+03
5.422241524742382808e+02 5.422586755985100808e+02 5.429530406691665121e+02 5.447083954974339122e+02 5.775731945518178918e+02 6.449431910383400464e+02 1.286712839744700204e+03 1.859224187942274057e+03
5.166758798330591844e+02 5.167070766996566817e+02 5.173710116464061457e+02 5.191686033248049625e+02 5.541716567509187144e+02 6.255094016342131908e+02 1.258474442412882809e+03 1.800562601374185306e+03
5.539209731267638972e+02 5.539713886395057898e+02 5.546313402580625507e+02 5.562905210535775495e+02 5.899799929489770420e+02 6.575019787704841292e+02 1.287665677527370008e+03 1.842020752728871230e+03
5.622181464915810238e+02 5.622499668572129394e+02 5.628566053522170023e+02 5.646040753416937150e+02 5.999015397119975432e+02 6.683934034454484845e+02 1.297511648796027430e+03 1.865015354850309905e+03
5.662236207821242715e+02 5.662669390432165528e+02 5.668782819439798004e+02 5.684876240229401674e+02 6.010461357888912062e+02 6.701621168899731629e+02 1.311950826403374776e+03 1.882810684751634881e+03
5.491438466797936826e+02 5.491786352220054823e+02 5.498386612580092105e+02 5.516318332795023025e+02 5.852569616753610262e+02 6.534083605138873736e+02 1.293471365648567371e+03 1.866748068357577267e+03
5.514147562340018567e+02 5.514558903260834768e+02 5.521462958441446744e+02 5.539749781314611710e+02 5.867235450521507119e+02 6.533888561237241674e+02 1.288124015459819702e+03 1.860360466270118422e+03
5.638779532524616798e+02 5.639229215748591741e+02 5.646073494111008131e+02 5.664973050828134546e+02 6.026432932676898417e+02 6.724679982681340107e+02 1.302152261136653806e+03 1.855249879566681784e+03
5.291176401956334985e+02 5.291638576505298488e+02 5.297788698025167378e+02 5.313797600251583617e+02 5.641821659515776446e+02 6.327093600872869956e+02 1.266045030124715367e+03 1.811549371217804264e+03
5.151544450896695935e+02 5.151971193081296860e+02 5.157866916366633632e+02 5.174326752685169595e+02 5.505263210628264687e+02 6.177690891781551272e+02 1.267905824228303572e+03 1.814248404733212055e+03
5.684676887755000507e+02 5.685140320453875802e+02 5.691167347351021135e+02 5.708223374800655847e+02 6.040547769439957619e+02 6.694126111937396217e+02 1.287406876573454383e+03 1.849453067715307043e+03
5.567728906993526152e+02 5.568119053168277333e+02 5.574990459265738991e+02 5.593020112773562005e+02 5.925668847094217426e+02 6.593154430151155339e+02 1.285517393884299054e+03 1.852240058023280426e+03
5.337606663441738419e+02 5.337973908890155599e+02 5.344678624225161911e+02 5.361354431865961487e+02 5.689596042830024771e+02 6.358143491194909984e+02 1.260132389668186988e+03 1.813775359834069377e+03
5.709387912493352815e+02 5.709875679111088402e+02 5.717191923742034305e+02 5.734043839263089239e+02 6.079414904397438022e+02 6.791983306022569877e+02 1.321975439161667055e+03 1.898412726656114955e+03
5.320208949292718899e+02 5.320555368084461634e+02 5.327046136869189468e+02 5.344853125045649449e+02 5.671594370048060227e+02 6.355156828748679345e+02 1.269407987645651701e+03 1.815797884722304161e+03
5.859934512486523772e+02 5.860264442304393242e+02 5.866327294217934423e+02 5.883219871591616084e+02 6.211611328373683136e+02 6.877746137158353577e+02 1.298754439205926928e+03 1.847655068205046064e+03
5.375578689791822171e+02 5.375887254818429710e+02 5.381876008555722137e+02 5.398771416148595108e+02 5.730134074434535023e+02 6.401422082946926366e+02 1.258361598635456403e+03 1.820443599601417645e+03
5.701046528717668025e+02 5.701506255506460548e+02 5.707934354485920494e+02 5.725292078045541757e+02 6.063231467047814931e+02 6.743970277748080662e+02 1.307303803006354201e+03 1.855077415637839067e+03
5.549942551951928635e+02 5.550316591745760206e+02 5.557148728548573899e+02 5.573028292334266780e+02 5.917224695541301571e+02 6.600539082438556306e+02 1.303180305075207571e+03 1.873164771367291678e+03
5.718603204205978727e+02 5.719750835628926779e+02 5.726841479103445636e+02 5.743376186299088886e+02 6.094487647051536214e+02 6.795393395223061361e+02 1.306391748739518107e+03 1.857905344186580351e+03
5.385983499010823152e+02 5.386485703026407919e+02 5.392934258790768354e+02 5.407960177088946239e+02 5.726125405922606433e+02 6.387283390799060498e+02 1.254914672688975998e+03 1.801588478365813671e+03
5.398374906107084144e+02 5.398779185103068130e+02 5.404965910180596893e+02 5.422244847350381178e+02 5.763186494646182609e+02 6.444745009483389140e+02 1.278072909952384407e+03 1.828068834820263419e+03
5.571657464841799765e+02 5.572090978951150646e+02 5.580270501136010353e+02 5.602126083008851083e+02 5.946116705397519127e+02 6.609005257427821789e+02 1.295741156079141319e+03 1.845067486767471564e+03
5.539622300614723827e+02 5.539968978770640433e+02 5.546598705691610576e+02 5.564184733162876455e+02 5.891570271429502554e+02 6.547907338503997607e+02 1.295493588857900249e+03 1.856129583396246289e+03
5.366720427057448433e+02 5.367268442220066618e+02 5.373124429476104069e+02 5.388278987603746373e+02 5.719425126137942925e+02 6.395562362149971705e+02 1.276232332443026962e+03 1.844868569969345799e+03
5.331033705097344182e+02 5.331417824235064700e+02 5.337496354832384213e+02 5.353754486839827678e+02 5.696630545372257757e+02 6.385112127785387202e+02 1.261221922186221946e+03 1.817178310794057779e+03
5.118752008400712157e+02 5.119166894059596871e+02 5.126184131330930995e+02 5.143572553172135713e+02 5.482321166571302911e+02 6.152834964039701617e+02 1.250615903382669558e+03 1.794092483729828928e+03
