6.321898211641705529e+03 3.493401199321435342e+03 3.074631659307983227e+03 2.113773164532848568e+03 1.575161720094478824e+03 1.407529340786821194e+03 1.208029490857070869e+03 4.449484056610438962e-16
5.476877111139190674e+03 3.507761184533611868e+03 2.895633183980488411e+03 2.263732476009953643e+03 1.479564868527989120e+03 1.367447373306654299e+03 1.245661304208854290e+03 1.219242872423411200e+03
6.370294763593728021e+03 3.517068999271047232e+03 2.598717673671122611e+03 2.446848255433232225e+03 1.594145690636109521e+03 1.410171854433591534e+03 1.269241040095922699e+03 2.698046039780793357e-16
4.579012631958282327e+03 5.107833329675751884e+03 2.869742560346526261e+03 2.147665912776513323e+03 1.549580400843140751e+03 1.314517864923172510e+03 1.253423035814587820e+03 2.813568562117622104e-16
7.571823726942674512e+03 4.098692589854524158e+03 2.760047359523124669e+03 2.188525380570384186e+03 1.515919027159549842e+03 1.316014189641357461e+03 1.253704117326402411e+03 4.445831954944343839e-16
6.136674904062118003e+03 5.428821664897027404e+03 3.166619677999377018e+03 2.210864383303263367e+03 1.538667455763210910e+03 1.340098520839855382e+03 1.278134928504201298e+03 3.433083000347374522e-16
4.151810441457213528e+03 3.972195268785909320e+03 2.819311695966800016e+03 1.990030042360296648e+03 1.477132173274086426e+03 1.328745141438099154e+03 1.261661725163996607e+03 3.810336056407821905e-16
5.546366989681745508e+03 3.925264825771875167e+03 2.344639746225923773e+03 2.211620224296867491e+03 1.493513860367157122e+03 1.285885041345448371e+03 1.238896235907586970e+03 1.019539412594315129e-16
6.988915502944973014e+03 4.222182142055645272e+03 2.452032911777938352e+03 2.147792245094763530e+03 1.451086701857507478e+03 1.305136425181122377e+03 1.231998454320956625e+03 4.272301903227131430e-16
4.758178461906642042e+03 4.007513329905085357e+03 2.968618814301288239e+03 2.113851979277464579e+03 1.565757421469696965e+03 1.299856223480841436e+03 1.272329294677393136e+03 9.062830177200244052e-17
7.509064421853436215e+03 5.066368157068016444e+03 3.145536431298254683e+03 2.041329622396703144e+03 1.545912856163762626e+03 1.337932507575688078e+03 1.258591541968564343e+03 3.345656825568766934e-16
6.453570423694528472e+03 4.752762464900972191e+03 2.963794922632966063e+03 1.968318307767577835e+03 1.518926155510358967e+03 1.296309648641895819e+03 1.284581056194624807e+03 3.845404246128109505e-16
5.967039551541492074e+03 6.066778082171099413e+03 2.223429252740471384e+03 2.105794639347475822e+03 1.509007660037264486e+03 1.349224215910697012e+03 1.253531365117792348e+03 4.200724872944509375e-16
4.929932693419508723e+03 3.770803790693989868e+03 2.400966071894985816e+03 1.753216552182883561e+03 1.537169754114699344e+03 1.280362035595772795e+03 1.224826996724154469e+03 8.119675616762892940e-17
4.393102246872317664e+03 3.607421660185097153e+03 3.132071158747207392e+03 2.154384077467466795e+03 1.516720754423557992e+03 1.304259781036265849e+03 1.248371778885938738e+03 5.758892222369201320e-18
5.811181923975734207e+03 4.167510335536539969e+03 3.326075795535541147e+03 2.449678818795101506e+03 1.551544533559445199e+03 1.394623593654444676e+03 1.240849273503336008e+03 1.046211073896311707e-16
7.209633791167565505e+03 5.637634766173498065e+03 3.375537071513715546e+03 2.423821494357168376e+03 1.495914427003584478e+03 1.315174109201602050e+03 1.241021409250350416e+03 3.270665524589771002e-16
4.322307368474601390e+03 3.819551980192537030e+03 2.448361861221386334e+03 2.262618676439947649e+03 1.558012675082589112e+03 1.392723042090493891e+03 1.268580955145887629e+03 6.554920236980359160e-16
7.656340384789965356e+03 3.340422724221868521e+03 2.650787358400450103e+03 2.209346160672892893e+03 1.488028116084500880e+03 1.331023629692110717e+03 1.220211209598813639e+03 2.253816864353641868e-16
5.873575148647306378e+03 4.710547751850250279e+03 3.123405104959795153e+03 2.010724445390738310e+03 1.478877246002362426e+03 1.314930366591725260e+03 1.213006507505317359e+03 1.200485158620285347e+03
5.684618427616937879e+03 3.988236326588661086e+03 2.282324050786021871e+03 1.992889261505816648e+03 1.494943082061816085e+03 1.307152646903567529e+03 1.253415112542332963e+03 1.904916399861572321e-16
6.946053666756647544e+03 4.913228960287795417e+03 2.254841803806207736e+03 1.892392447802294100e+03 1.559658671513086574e+03 1.355040405246122646e+03 1.274954525324601036e+03 1.437351020060034080e-16
6.216255720228950850e+03 3.841644800985905931e+03 2.682217864035199909e+03 1.860859252127266700e+03 1.482961596632079363e+03 1.301044249121805478e+03 1.264838416576483951e+03 1.864190096228075000e-16
6.593617009065003913e+03 4.017068658077136206e+03 2.540984443355016083e+03 1.681564065477086615e+03 1.484987433236512743e+03 1.290930271483826118e+03 1.217441498095820407e+03 1.205204293401903215e+03
4.376318524901094861e+03 5.330285485040218191e+03 2.215719103101653673e+03 2.246550653002560466e+03 1.441102596699886135e+03 1.317091198121113393e+03 1.245798471831427833e+03 2.448926999461178701e-16
6.278352626862645593e+03 4.986723659646705528e+03 3.585698904873695028e+03 2.535573258546363377e+03 1.555988120424821545e+03 1.294843376193947961e+03 1.229253281509606268e+03 6.073781170742683006e-16
4.854988088617369613e+03 3.986013604545203634e+03 2.730532320644215815e+03 2.152470406066844134e+03 1.406242174069130670e+03 1.453920547043141596e+03 1.274978405307350158e+03 1.716143808278784016e-16
4.836576664496507874e+03 4.872381547948441948e+03 2.907548108077453435e+03 2.413147711930176683e+03 1.477473802656166981e+03 1.313130245757210560e+03 1.276768630214235145e+03 1.173790167251407109e-16
5.409766005013237191e+03 4.472787885791389272e+03 2.899066055014724043e+03 2.258335425200580175e+03 1.595878352049785462e+03 1.341683586510449231e+03 1.275498537040131396e+03 8.511711746945867515e-17
5.260756347584926516e+03 5.549906356582851004e+03 2.324693368172856026e+03 2.325208831256528811e+03 1.555676472708972824e+03 1.359251579369706405e+03 1.280141176959067934e+03 2.812912475542969545e-16
