8.409024978052906718e+00 5.039834402500890320e+00 2.885486358669343332e+00 2.035341524888266029e+00 1.400501502362614614e+00 1.240455173317648319e+00 9.268908242083986337e-01 0.000000000000000000e+00
1.699304930903246813e+01 4.882816772111983283e+00 3.818673224254110377e+00 2.011749568877618355e+00 1.332366434636603758e+00 1.194114719251011980e+00 9.308513014416209819e-01 8.431718095509692645e-01
1.277783784903529885e+01 6.356066136945150546e+00 3.257960420156759795e+00 2.217342010844822298e+00 1.304718886044647252e+00 1.223402597821023230e+00 9.255044097332013608e-01 0.000000000000000000e+00
1.835518102337036694e+01 6.748169168642800919e+00 3.757491249001402522e+00 2.200317772410443240e+00 1.348932348205682974e+00 1.189759866539036093e+00 9.312906058949370625e-01 0.000000000000000000e+00
1.218372705971060022e+01 6.076699799280513403e+00 3.722227031593779767e+00 2.140856110259005352e+00 1.311450249562281067e+00 1.154390734466448798e+00 9.253121466348642743e-01 0.000000000000000000e+00
1.337493835311602730e+01 5.710500009295675916e+00 3.211682302545012746e+00 2.281910305746240653e+00 1.279422750811900489e+00 1.178414471364906957e+00 9.276887455359303924e-01 0.000000000000000000e+00
2.268238120095630705e+01 5.639232855599654926e+00 3.182081202247688978e+00 2.034988680125378036e+00 1.312604577563864172e+00 1.196910332717556313e+00 9.275952753278314811e-01 0.000000000000000000e+00
2.115603243574338066e+01 6.816079208249835375e+00 3.092753678694971864e+00 1.943388322648346600e+00 1.292882339721729279e+00 1.166549361997344381e+00 9.242839800705805464e-01 0.000000000000000000e+00
1.003552167589938549e+01 5.037367207336411745e+00 2.670244025332990656e+00 2.118009843306840168e+00 1.279763830859205420e+00 1.127875773625657940e+00 9.321605835060597922e-01 0.000000000000000000e+00
2.225320702783104210e+01 7.112157371578838649e+00 3.659888639621590389e+00 1.994189661038937578e+00 1.327764257717650054e+00 1.182499463241273752e+00 9.292157665760393259e-01 0.000000000000000000e+00
1.549552978054183328e+01 7.018708533410071837e+00 3.437643127202324234e+00 2.127196481487490409e+00 1.306649051177370069e+00 1.205616384390759244e+00 9.278590292400686890e-01 0.000000000000000000e+00
1.520568967244474656e+01 6.009046126465544369e+00 3.594376432556237511e+00 2.295196171463566692e+00 1.327381187208383828e+00 1.205816300596759261e+00 9.370967536206954440e-01 0.000000000000000000e+00
1.035375249402089359e+01 6.700280976918687514e+00 3.946410113780535855e+00 1.871646860139294155e+00 1.322780683635169430e+00 1.195755232650272504e+00 9.292871320255738921e-01 0.000000000000000000e+00
1.294420518872048476e+01 5.913912363547072282e+00 2.925050382563896267e+00 1.951413154246711246e+00 1.321598892991822316e+00 1.177911412154322379e+00 9.338960301738205017e-01 0.000000000000000000e+00
1.283614898958939499e+01 6.326970239593951106e+00 3.125255148622003265e+00 2.168180474563150995e+00 1.301833757907554956e+00 1.170038669897571992e+00 9.286561242548362349e-01 0.000000000000000000e+00
9.667057310801997261e+00 7.710384938955342271e+00 3.657421874060108102e+00 2.217831722390229299e+00 1.276291018125376153e+00 1.205329478261895737e+00 9.296509906742022045e-01 0.000000000000000000e+00
1.412894951019913137e+01 5.544457913482772504e+00 3.257926195762774313e+00 2.305365543195622813e+00 1.303037515987833350e+00 1.156892598793005433e+00 9.325218568617805737e-01 0.000000000000000000e+00
1.128699826540508155e+01 6.347934484541196021e+00 3.781060913179925986e+00 2.106085827567280244e+00 1.348632357966562001e+00 1.205730535976092366e+00 9.312254891315536742e-01 0.000000000000000000e+00
1.710989594597146635e+01 4.786769898867681228e+00 2.868684981030868997e+00 2.141930394732795673e+00 1.310049791865502078e+00 1.214751437655934074e+00 9.301653981451645237e-01 0.000000000000000000e+00
1.160386479996738274e+01 6.123877153677679708e+00 3.915801220221744927e+00 1.933387730712111674e+00 1.303533588193890091e+00 1.197451377763094849e+00 9.297782582280845753e-01 8.402286681601983664e-01
1.163405876888477763e+01 7.976045150069999146e+00 3.236913327981484567e+00 2.248135621727159528e+00 1.282369715008682132e+00 1.125825197019552082e+00 9.289638492941737491e-01 0.000000000000000000e+00
1.360877724390945431e+01 6.738097434522449802e+00 2.911989680857915541e+00 1.908475156636174175e+00 1.303907347901026803e+00 1.188468480847169717e+00 9.293369567511853280e-01 0.000000000000000000e+00
9.097877706774958995e+00 6.123621301664924133e+00 3.580717211216546847e+00 2.238226520861093416e+00 1.287718427624047424e+00 1.160879863547719548e+00 9.293529433555487440e-01 0.000000000000000000e+00
1.025515104449800852e+01 7.251260741826158096e+00 3.891265394232612529e+00 2.033351353813851681e+00 1.350289104677484975e+00 1.188855848367840640e+00 9.318568716206778735e-01 8.449351505569820953e-01
9.249460486174642782e+00 8.242044460470875578e+00 3.263260070703697391e+00 2.103371991959476883e+00 1.305245879087901573e+00 1.197846802601535199e+00 9.265296974178182099e-01 0.000000000000000000e+00
2.430436233913162525e+01 5.491365241096812788e+00 4.136007753053791092e+00 2.246387460257777580e+00 1.278132589300941202e+00 1.128279883610956658e+00 9.323529088459350245e-01 0.000000000000000000e+00
1.073125203508341308e+01 7.301370215902887040e+00 3.041786635427807806e+00 2.132117035398296334e+00 1.265097060747790936e+00 1.239283500762250023e+00 9.301100260720595037e-01 0.000000000000000000e+00
1.039737618785869167e+01 4.994938542354878663e+00 3.055263220400325164e+00 2.072945018732616163e+00 1.316043552045789600e+00 1.181246898213188734e+00 9.205943738296943346e-01 0.000000000000000000e+00
1.373576475601811531e+01 1.166297447750176630e+01 3.443711861530406093e+00 1.997930720796579962e+00 1.292472313042780208e+00 1.188322288682611250e+00 9.254172606203282525e-01 0.000000000000000000e+00
9.865287029345397585e+00 5.990447771897962959e+00 3.425634517149824809e+00 2.200557145004730319e+00 1.320351384821618623e+00 1.182594498940652050e+00 9.315474850634292148e-01 0.000000000000000000e+00
