2.595303736096586933e-01 3.379598821180720414e-01 4.171499191938397022e-01 5.346515828500808531e-01 7.417054853122920788e-01 7.723167601483030831e-01 8.331590455366479908e-01 1.000000000000000000e+00
2.481224450993440578e-01 3.522197927559653774e-01 4.269417244985264648e-01 5.161136990208194941e-01 7.540640745317995774e-01 7.743131476376081679e-01 8.296416009126342805e-01 8.378172830116931147e-01
2.735050860347941759e-01 3.466108945717273349e-01 4.231390816617549011e-01 5.134518490350793440e-01 7.609088316379883921e-01 7.811579047437969825e-01 8.313527901891815119e-01 1.000000000000000000e+00
2.839623538359159483e-01 3.029755680197737666e-01 4.074531799600722426e-01 4.896853313052571544e-01 7.621446905599391641e-01 7.816332350983933308e-01 8.288810723452799678e-01 1.000000000000000000e+00
2.685616503469911431e-01 3.420477231676014584e-01 4.507082422283487100e-01 5.501473524099248502e-01 7.668979941059036465e-01 7.855309440060842530e-01 8.323985169692936781e-01 1.000000000000000000e+00
2.704629717653769250e-01 3.198022625724878942e-01 4.376841905124061460e-01 5.097442722692271388e-01 7.552048673828311021e-01 7.864816047152771716e-01 8.298317330544728865e-01 1.000000000000000000e+00
2.824412967012073228e-01 2.998383876794372127e-01 4.129670120733909822e-01 5.200114079285103053e-01 7.524479513261717045e-01 7.793516493963305036e-01 8.301169312672307399e-01 1.000000000000000000e+00
2.618119593117216315e-01 3.146686947428462555e-01 4.239946763000285168e-01 5.198212757866716993e-01 7.603384352124726853e-01 7.897138511265329175e-01 8.329689133948093849e-01 1.000000000000000000e+00
2.820610324175301664e-01 3.132427036790569330e-01 4.494723833063979379e-01 5.367430364103051854e-01 7.587223120068448123e-01 7.895237189846943116e-01 8.321133187565358247e-01 1.000000000000000000e+00
2.797794467154672282e-01 3.085844662040118092e-01 4.014640174921570437e-01 4.829356402699876427e-01 7.535887441772031181e-01 7.816332350983933308e-01 8.275501473524099483e-01 1.000000000000000000e+00
2.986025287574864406e-01 3.196121304306492883e-01 4.283677155623157873e-01 5.476756345660234171e-01 7.509268941914630791e-01 7.791615172544918977e-01 8.298317330544728865e-01 1.000000000000000000e+00
2.962258769845042550e-01 3.377697499762334910e-01 4.102100960167316401e-01 5.498621541971669968e-01 7.595779066451183725e-01 7.841049529422948750e-01 8.231771080901226778e-01 1.000000000000000000e+00
2.761669360205342705e-01 3.091548626295275159e-01 4.477611940298507620e-01 5.681148398136705024e-01 7.614792280635040989e-01 7.765947333396711061e-01 8.288810723452799678e-01 1.000000000000000000e+00
2.501188325886490871e-01 3.462306302880501785e-01 4.357828690940203642e-01 5.464397756440726450e-01 7.534936781062838707e-01 7.837246886586177741e-01 8.265994866432170296e-01 1.000000000000000000e+00
2.889057895237189810e-01 3.420477231676014584e-01 4.287479798459929436e-01 5.250499096872326410e-01 7.563456602338625157e-01 7.839148208004562690e-01 8.323034508983743196e-01 1.000000000000000000e+00
2.780682574389200523e-01 2.845327502614317106e-01 3.898659568400038022e-01 5.303736096587128301e-01 7.457933263618214959e-01 7.693697119498050796e-01 8.300218651963113814e-01 1.000000000000000000e+00
2.466964540355547075e-01 3.059226162182717146e-01 4.040308014069778353e-01 5.177298222264473671e-01 7.544443388154767893e-01 7.826789618785056080e-01 8.285008080616028669e-01 1.000000000000000000e+00
2.753113413822606548e-01 3.026903698070158577e-01 4.292233102005894030e-01 4.845517634756155712e-01 7.543492727445574308e-01 7.767848654815096010e-01 8.291662705580378212e-01 1.000000000000000000e+00
2.752162753113414073e-01 3.704724783724688830e-01 4.775168742275881506e-01 5.292328168076813055e-01 7.556801977374275614e-01 7.771651297651868129e-01 8.323034508983743196e-01 1.000000000000000000e+00
2.635231485882688629e-01 3.244605000475330181e-01 3.875843711379408640e-01 5.520486738283106876e-01 7.576765852267325352e-01 7.808727065310390181e-01 8.328738473238901374e-01 8.400038026428368054e-01
2.916627055803783786e-01 3.467059606426466378e-01 4.651582850080805964e-01 5.378838292613365990e-01 7.676585226732579592e-01 7.939918243179009405e-01 8.305922616218271992e-01 1.000000000000000000e+00
2.693221789143454559e-01 3.361536267706055625e-01 4.565072725544253029e-01 5.360775739138701201e-01 7.472193174256107628e-01 7.797319136800076045e-01 8.298317330544728865e-01 1.000000000000000000e+00
2.972716037646164211e-01 3.087745983458503596e-01 3.994676300028519589e-01 5.309440060842285369e-01 7.643312101910828549e-01 7.914250404030801489e-01 8.309725259055043001e-01 1.000000000000000000e+00
2.851031466869474174e-01 3.110561840479132978e-01 4.335012833919574260e-01 5.567069113033558114e-01 7.512120924042209325e-01 7.831542922331019563e-01 8.301169312672307399e-01 8.392432740754824927e-01
2.658998003612510486e-01 2.969864055518585677e-01 4.257058655765756927e-01 5.225781918433310969e-01 7.662325316094685812e-01 7.853408118642456470e-01 8.301169312672307399e-01 1.000000000000000000e+00
2.619070253826409345e-01 3.171404125867477997e-01 4.090693031657001710e-01 4.907310580853693205e-01 7.668979941059036465e-01 7.950375510980131066e-01 8.293564026998764271e-01 1.000000000000000000e+00
2.991729251830022029e-01 3.488924802737902731e-01 4.159140602718889856e-01 5.010932598155718454e-01 7.758342047723167934e-01 7.738378172830117085e-01 8.293564026998764271e-01 1.000000000000000000e+00
2.681813860633139868e-01 2.964160091263428054e-01 4.262762620020914550e-01 5.222929936305732435e-01 7.603384352124726853e-01 7.837246886586177741e-01 8.311626580473429060e-01 1.000000000000000000e+00
2.694172449852647588e-01 3.028805019488544636e-01 4.284627816332350903e-01 5.164939633044965950e-01 7.444624013689514763e-01 7.777355261907025197e-01 8.293564026998764271e-01 1.000000000000000000e+00
2.867192698925753458e-01 3.110561840479132978e-01 4.275121209240422271e-01 5.298032132331971233e-01 7.646164084038407083e-01 7.841049529422948750e-01 8.299267991253921339e-01 1.000000000000000000e+00
