4.435820971235062693e+00 7.131213782613138541e+00 1.111610638334897594e+01 1.343130634542329460e+01 1.586358355227891082e+01 1.660875159922876776e+01 2.005196599055693696e+01 2.855347200768808875e+02
4.262937678415589460e+00 7.430319429382118201e+00 1.105344746548050949e+01 1.314277240473358077e+01 1.612669939049273538e+01 1.681624470981531516e+01 2.013334490042955238e+01 2.588355764700116168e+01
4.441464603510548947e+00 7.180669452430186617e+00 1.141417918584052238e+01 1.308015243555674090e+01 1.646894005632852398e+01 1.717630460708722495e+01 2.058024197574791003e+01 2.923555298148692714e+02
4.205440647402130416e+00 6.958606610587948715e+00 1.155095058444749512e+01 1.298059763410383738e+01 1.630876386940574818e+01 1.695426548696340774e+01 2.020712782015205988e+01 2.908092222433022584e+02
4.518757814932428118e+00 7.282942145126332534e+00 1.260920499116196325e+01 1.424455970905274071e+01 1.716142560708848563e+01 1.785330176583027040e+01 2.105352023393560046e+01 2.947112922987271304e+02
3.690686673687497699e+00 8.229177834904266575e+00 1.204139606884018043e+01 1.332191264455759416e+01 1.648766817524537842e+01 1.719867580904027804e+01 2.043057652069765595e+01 2.887085647857616095e+02
4.674418202757364860e+00 7.563422613667595051e+00 1.218759247638709731e+01 1.417950493257052891e+01 1.712019283225464505e+01 1.769046855731156498e+01 2.099370640667588006e+01 2.909642295999478279e+02
4.935127319823513048e+00 7.308198548548654472e+00 1.216487437216809120e+01 1.423298440962318168e+01 1.668806819432886712e+01 1.734594910271747281e+01 2.056668362606156464e+01 2.906194249179333724e+02
5.191987551555921065e+00 7.227296114280263417e+00 1.177761157318103180e+01 1.335927848217247416e+01 1.627288729457694672e+01 1.694822154122259761e+01 2.017074177736300200e+01 2.893812803037201888e+02
4.839321534714956741e+00 7.528324303218854041e+00 1.217304525347532262e+01 1.367540893886752507e+01 1.705341543862403952e+01 1.775641055551521319e+01 2.102973672127602711e+01 2.915393611828624216e+02
4.883106108755669972e+00 7.205798399885897432e+00 1.219990544076162031e+01 1.396189128935827739e+01 1.686354427434201497e+01 1.761292354746233357e+01 2.098074826011401584e+01 2.938432385297397786e+02
3.799825782992624745e+00 6.925986483696290996e+00 1.155032391833092653e+01 1.359878146259424270e+01 1.648646210930874645e+01 1.726459159293978374e+01 2.058327267987213460e+01 2.921544425721521065e+02
5.318847310697229602e+00 7.089268105705998302e+00 1.197492902038042928e+01 1.415612717684996369e+01 1.660833617166539256e+01 1.726253912068309759e+01 2.055633737905512959e+01 2.907758289643883813e+02
4.607601893885471256e+00 7.115262550596768598e+00 1.184753995020369288e+01 1.333243979453670569e+01 1.633088309917697956e+01 1.699741693027053913e+01 2.027798053457885885e+01 2.905521896800249806e+02
4.276795045485417113e+00 7.261230705677831132e+00 1.174703927406301140e+01 1.365216748518277434e+01 1.650154096398387793e+01 1.730051482710393529e+01 2.068937563309179595e+01 2.905378259978211304e+02
4.441040539391149622e+00 7.387347533866219784e+00 1.208263428098202574e+01 1.389088983035238911e+01 1.667569178827947596e+01 1.728842459394672915e+01 2.058880115596370075e+01 2.912874192999828438e+02
5.483252964460806567e+00 7.255578204229344408e+00 1.186988351403683772e+01 1.385857748950122748e+01 1.696724293914897785e+01 1.766409206528454945e+01 2.090210731678449818e+01 2.905787344045980944e+02
4.203878811267633075e+00 6.257613616581815030e+00 1.103976062717119788e+01 1.260360261312278851e+01 1.607249450535662660e+01 1.674803743082765806e+01 2.011762554217870047e+01 2.900409688615040977e+02
3.788646919979869576e+00 8.058068517625782690e+00 1.272907360941569799e+01 1.376304308211997274e+01 1.668785275600807338e+01 1.732646554444266940e+01 2.067287032148167114e+01 2.917227122120173703e+02
4.046422573744855811e+00 7.751741211700904799e+00 1.112604185613017371e+01 1.372668833226471108e+01 1.634098692972533584e+01 1.705426113801582488e+01 2.040246027656312222e+01 2.620892123308723143e+01
3.982630921925686351e+00 7.107643429220565245e+00 1.166341222534117072e+01 1.370848947995381018e+01 1.649403680360262925e+01 1.712065324088089824e+01 2.021999418014692296e+01 2.899236656369959633e+02
5.050404219603774614e+00 7.764490002802745039e+00 1.237982682869710338e+01 1.427923271727273402e+01 1.682100636894949020e+01 1.761221312688889995e+01 2.090338474374387800e+01 2.902349755552251622e+02
4.977444019130759401e+00 6.608059090871462260e+00 1.176982210688496089e+01 1.395100018212900395e+01 1.683983495174031475e+01 1.751161326572610122e+01 2.075288589028273378e+01 2.950177114993265945e+02
4.424641066660733202e+00 7.047053059156808352e+00 1.160038022209208819e+01 1.356882678743805037e+01 1.631262679043981478e+01 1.714292143386092349e+01 2.043878139894630053e+01 2.618861858014283683e+01
4.097807919819133282e+00 6.741770236087941903e+00 1.182882801054178579e+01 1.378772379874895826e+01 1.693669218453931080e+01 1.751014366329680172e+01 2.076835914739811884e+01 2.918632139645202983e+02
4.765666239455287112e+00 6.971614567426795084e+00 1.087016663411571571e+01 1.307646112728687271e+01 1.625989179583118016e+01 1.697668988428052117e+01 2.015999684952867810e+01 2.914706076790771476e+02
4.139574111568347092e+00 7.999801026411175187e+00 1.152949455571678961e+01 1.389663773861068563e+01 1.693846003824879887e+01 1.746348732347814448e+01 2.082333985379156260e+01 2.913938003547362996e+02
4.411065724001589139e+00 7.395071845486222983e+00 1.224402742138851252e+01 1.390826642668672264e+01 1.696081600910596521e+01 1.755031121560574192e+01 2.083386786322723694e+01 2.920304564728717196e+02
4.524274200442546245e+00 7.377631762482337763e+00 1.195622278371448033e+01 1.414151102636394164e+01 1.690008805804429315e+01 1.757811053218824426e+01 2.089340381858061946e+01 2.918202602854332213e+02
4.544555935523138857e+00 7.066513656914353625e+00 1.158552535705848285e+01 1.371523377683986666e+01 1.658149822552623576e+01 1.729373582722946523e+01 2.062078002771665908e+01 2.917487076915929265e+02
