2.920593194841716904e+05 2.689171946930997656e+05 2.890796620192488190e+05 2.956735405815497506e+05 2.282447847830057435e+05 1.986341468578504864e+05 7.996127044722618302e+04 2.315552129664089161e-19
2.013780521288348828e+05 2.539728755610193766e+05 2.084695077453031554e+05 1.933277307632217999e+05 1.500134186216263042e+05 1.474587335966311803e+05 8.596514899431722006e+04 2.673096337882912746e-19
2.309270800377953565e+05 2.907189837900863495e+05 2.380117649631748500e+05 2.634474203572297120e+05 2.121720394465403515e+05 1.451214187507438182e+05 7.795500148888293188e+04 3.473214643745476859e-20
3.022189317945836228e+05 2.377250740084003191e+05 2.693355580216592643e+05 2.260345704175294086e+05 2.185973844407066936e+05 1.649721943205532443e+05 7.401149273509124760e+04 8.455985955151392672e-20
2.448805080320943089e+05 2.853065395997923915e+05 2.079785017329237889e+05 2.239229222732828639e+05 1.763103804874026973e+05 1.464410704548246285e+05 7.367014448525985063e+04 3.567536128655420401e-19
2.595320863858529774e+05 2.554761190547370934e+05 2.201095484542368504e+05 2.251059089993133675e+05 1.978131598888283770e+05 1.272449687398904643e+05 7.876214742506206676e+04 5.675547208302349447e-20
2.464482386893179500e+05 2.746435311233212124e+05 2.542243600995873567e+05 2.567105199604030931e+05 1.827881946377070562e+05 1.728295789291501569e+05 8.124734473265070119e+04 2.283514321671689260e-19
2.556848699433090806e+05 2.446837986455140053e+05 2.388767637358546490e+05 2.392693066238633182e+05 2.062140957554730412e+05 1.484079064596460667e+05 8.353839497523594764e+04 1.175441004398963368e-19
1.585136353297418682e+05 2.350484531988145027e+05 2.146504619953086076e+05 1.987428783224548970e+05 1.853172692700964981e+05 1.580403939351281733e+05 7.396565413914434612e+04 3.978142265857954843e-19
2.514380326373488060e+05 2.483512067140190338e+05 2.297355759150474623e+05 2.525802825609489810e+05 1.860176230176812969e+05 1.719330243247463659e+05 9.443978675647516502e+04 1.023295122997713914e-19
3.494829973976792535e+05 2.691088905414970941e+05 3.035967802257161238e+05 2.559633133481246768e+05 1.987439937299375306e+05 1.753034723492914927e+05 8.908932190016028471e+04 1.625213852932272142e-19
2.226502048988790775e+05 2.720564400812815875e+05 2.215054213393468817e+05 1.689887091471236781e+05 1.663302304168016126e+05 1.340411765461843461e+05 8.024872180777321046e+04 1.636485980919660677e-19
2.689006923704676447e+05 2.431058597665512352e+05 2.141602034680382931e+05 2.058731926258716267e+05 2.193998744221008383e+05 1.755923206320180616e+05 7.903356065273267450e+04 1.554461292766029125e-19
3.016247150675428566e+05 2.744249777054370497e+05 2.489703432345972105e+05 2.471632753166554612e+05 1.986830352730361628e+05 1.741635136367373634e+05 8.033050809047772782e+04 8.950031616193481481e-20
3.446800385916277883e+05 3.104986284366798936e+05 2.515849225610535068e+05 2.449413920453106693e+05 1.911106111004213453e+05 1.436611142171179526e+05 7.878473994121064607e+04 1.711284684335149327e-19
1.833628619037340686e+05 2.380719859279168013e+05 2.155957159242521448e+05 2.389617176069921697e+05 1.821342892835564562e+05 1.459406966878378298e+05 8.404817452948034042e+04 2.385405643840477650e-19
2.583625084616243839e+05 2.962794416734558763e+05 2.709833986816596589e+05 2.787201539635616355e+05 1.984559687814182835e+05 1.790936561237472633e+05 8.260246111051682965e+04 2.757147229677868600e-20
1.923552632745926385e+05 2.414363251304858131e+05 2.479145342155210092e+05 2.161149676763584139e+05 1.826074148678058118e+05 1.382228067050771206e+05 8.767318159852243843e+04 2.484022867103974035e-19
2.860731896995607531e+05 2.798252069841678604e+05 3.022216597962945234e+05 2.396120143782836967e+05 2.058090169379499566e+05 1.609642991604268027e+05 7.095267204267633497e+04 1.321923305038865883e-19
2.511834045621564437e+05 2.912794390857751714e+05 2.318790225238279090e+05 2.153939197410453053e+05 1.897260361993922852e+05 1.409319653613265255e+05 7.685920213239458099e+04 5.556341699346465784e-19
2.316964860556151834e+05 2.492253436236661801e+05 2.277963634086246602e+05 2.157714405612080300e+05 1.960495054732550052e+05 1.327488754355291894e+05 8.410064606387313688e+04 3.139718129455623664e-19
2.776326671529537998e+05 3.004580740097932867e+05 2.842081825640629395e+05 2.382846152464043698e+05 2.305099575720789144e+05 1.955925789719076420e+05 7.892767640055989614e+04 6.773624481183251807e-20
2.657612009516210528e+05 2.830192139223633567e+05 2.674845804320268217e+05 2.257057485416246345e+05 2.388425378667782934e+05 1.634180896537110093e+05 7.945358481578432838e+04 6.292712118637574959e-19
3.280421911810649908e+05 2.594220671581364295e+05 2.063998751566108258e+05 2.505857702938459697e+05 2.100478786729974381e+05 1.642038341908845468e+05 8.463968954694642161e+04 7.567354081422123874e-20
2.551800171736185439e+05 2.858842784308613627e+05 2.418669300803646911e+05 2.330909275276030821e+05 1.717730805120026344e+05 1.612255497207190492e+05 8.337730784407049941e+04 5.416839625495334980e-20
2.841262338661271497e+05 2.332688999344886397e+05 2.278012108425871120e+05 2.100203973400205141e+05 2.009598773504729616e+05 1.649352536636262666e+05 7.884276054502857733e+04 2.792317983625494626e-19
2.894262130293306545e+05 3.044006486577313626e+05 2.465116781697706319e+05 2.488430061595986772e+05 2.344164928901732201e+05 2.217428365843130450e+05 8.550170403302984778e+04 9.485284913494714436e-20
2.739283448545798892e+05 2.479151056054259243e+05 2.541672267832208599e+05 2.334304312857067853e+05 1.939155236990217527e+05 1.755178939744064119e+05 7.466311118571889529e+04 2.449345501943506627e-19
3.070706268980820896e+05 2.849348273280972498e+05 2.724735833799468237e+05 2.535521562721834925e+05 2.151894844634777983e+05 1.479969626370442274e+05 8.444532204854948213e+04 2.445135749076069842e-19
2.710365444522653706e+05 2.716137937698899186e+05 3.076958895456411992e+05 2.934260599938989035e+05 2.519827258521371405e+05 2.039226448618425056e+05 7.632248769305921451e+04 2.766620485257565935e-19
