5.527099732538006016e+00 5.163786275585380281e+00 4.304365350921112388e+00 4.522805312940263889e+00 2.797145404055444207e+00 2.667172214755254789e+00 1.020726521444813795e+00 5.527598265932349821e-59
4.627141287120330126e+00 5.385960294004847881e+00 4.147934608406706580e+00 3.876353409605516553e+00 2.211352626718076753e+00 2.109523760359637734e+00 1.027555802310972766e+00 5.103812496174106508e-60
5.697365358216265108e+00 7.235314082218292420e+00 5.551381448190515933e+00 4.240264350890555534e+00 3.128573717245218155e+00 2.030824332798507825e+00 9.923173978595378752e-01 1.014064528722637754e-58
5.583709036314133733e+00 4.742698003375297233e+00 4.514124398827286555e+00 3.597879067233943129e+00 2.874434206922446222e+00 2.422967523872007423e+00 1.017011729062239800e+00 9.129973707148545800e-60
6.923701725403376805e+00 6.342944063434865498e+00 4.661384131030037459e+00 4.210555782773488076e+00 2.929262174652585760e+00 2.422458183178163971e+00 1.095273717534549274e+00 4.750800596784384719e-60
6.060100907603908738e+00 5.793050499110894869e+00 4.855026230545595567e+00 5.209249957753066873e+00 2.881432183130150815e+00 2.238819485300515222e+00 9.894449476939241039e-01 1.458211514982982611e-59
5.806022135855600119e+00 5.641622775763308617e+00 5.325961810903410587e+00 4.660850093378742010e+00 3.429027226675108064e+00 3.392125208986231488e+00 1.035620415443357700e+00 5.998104587292199138e-60
6.762227788397907169e+00 5.047552860494220361e+00 4.739750137266171670e+00 4.033284118182917766e+00 3.020061107259576438e+00 2.341645766758832625e+00 9.916832068195282623e-01 1.287045095864941151e-59
3.352451870929618494e+00 4.779166345294076024e+00 4.204842791052111117e+00 3.247342713794732383e+00 2.307772053143237745e+00 2.024378262641346460e+00 1.010768956762253534e+00 3.509898382632869732e-59
5.364416965411312077e+00 5.378159336043849770e+00 4.320033042949245505e+00 4.532561663768515992e+00 3.529827774577002586e+00 2.313037996803418928e+00 1.070717285766466853e+00 4.494025054277836891e-60
6.644188934689371884e+00 5.266823123358036263e+00 5.160084545413011092e+00 4.995900710112530341e+00 3.768648775772178272e+00 3.029949290095473202e+00 1.121677274114857292e+00 3.266088015205167551e-60
7.130168652173022537e+00 7.085424182704579188e+00 4.645779604444989275e+00 3.822591527223058172e+00 2.933230268327507329e+00 2.346412468281354080e+00 9.932420221989407549e-01 1.544324334182042786e-59
5.578429486138944071e+00 5.233876968456290690e+00 4.033139993983448690e+00 3.217045857421869215e+00 3.137168370307546361e+00 2.696323494575657786e+00 1.054323622426760698e+00 2.949718306890522943e-60
5.913826451153200381e+00 6.457682523595844160e+00 3.655091167906056704e+00 4.307920851739392099e+00 3.286010553709896254e+00 2.373032990006567644e+00 1.010054234451091437e+00 5.016291225455821971e-60
9.065036637535650144e+00 6.844056680877783627e+00 5.319511378123576328e+00 3.946634215600651974e+00 3.690571494636494698e+00 2.498430277916816156e+00 9.775929615920012639e-01 2.381761218083655533e-59
6.978677883786022385e+00 4.935740868808059290e+00 3.905008734746152843e+00 3.635837216888202494e+00 2.655322121833442406e+00 1.870069343659981564e+00 9.789031021302476709e-01 9.657169022215617237e-59
6.052042381712684715e+00 5.625466359783274584e+00 4.816623546393030253e+00 4.236287550116899503e+00 3.870821877458473725e+00 2.818685249896061951e+00 1.043196120938337801e+00 6.338147401030764345e-60
3.908662485655235663e+00 4.339223954983179254e+00 5.012052728744294861e+00 3.413189038127899089e+00 2.532678392945018064e+00 2.144362226381036240e+00 1.064349421388039785e+00 7.792658799524340609e-60
7.459737738943386098e+00 5.542850876062487941e+00 4.355764476005528074e+00 3.869389160650732240e+00 2.699771606310344296e+00 2.434063108006810250e+00 1.013438679859431479e+00 9.274500555090410691e-60
5.040698438689892313e+00 5.151994016332114512e+00 4.532232125820510049e+00 3.991957211965646124e+00 3.270579463469172055e+00 2.403996750547624295e+00 9.921072009246657553e-01 3.996149053120061216e-59
5.373758483668138908e+00 6.484659647034222374e+00 4.800117447559661521e+00 4.038696662921436698e+00 2.954113894379377214e+00 2.087506645531208793e+00 1.017233858239796396e+00 3.449370594942700082e-60
5.627706682829040297e+00 6.008956591945226577e+00 4.506150332512853574e+00 4.422377152308955672e+00 3.214734443967488531e+00 2.780267244774315305e+00 1.054497626255458842e+00 7.926837862661599453e-60
6.611850361237305407e+00 5.744989240396033203e+00 4.564511003718282112e+00 3.881649695318220239e+00 3.105091414344691714e+00 2.338668429088343270e+00 9.952037866872583960e-01 1.634306571858386310e-57
6.307535990608660548e+00 6.121534278528606876e+00 3.912420627673157902e+00 4.132664605672275115e+00 3.060397081814735021e+00 2.236316290269602991e+00 1.017146032370268127e+00 7.536591272117095882e-60
5.700691105061293840e+00 5.087721691747885799e+00 6.160998481856729825e+00 4.810055003545107510e+00 3.035183955758907093e+00 2.497066449721241366e+00 9.793301297806925598e-01 3.103010888982980660e-58
7.560580141295595524e+00 6.372691312254582741e+00 5.241569623030314595e+00 4.550213100388474707e+00 2.978314348447818727e+00 2.576093499457672742e+00 9.716483924261595240e-01 1.222448370251595405e-58
6.538067910561519369e+00 5.495874932857645945e+00 4.988142360189472768e+00 3.966048515125002449e+00 3.186988360254556341e+00 2.917261332422922404e+00 1.088419208642207314e+00 7.036662720562991058e-60
6.404597340668750860e+00 6.400646481538561972e+00 5.398216077365494137e+00 4.044871921777147605e+00 2.858457238753724372e+00 2.192189278213214632e+00 9.691185429171574883e-01 1.721161167557845498e-58
6.259541981626425056e+00 4.757445534888889327e+00 4.417760332284272451e+00 4.034530015045262097e+00 3.041277789238107321e+00 2.125003658780273863e+00 1.054619075907438086e+00 2.464754909312379693e-60
5.597134058468597573e+00 5.761086894407155157e+00 4.900305760817301959e+00 4.566204309678314033e+00 3.233472258929711796e+00 3.287221876686577282e+00 1.003770575720241309e+00 3.673210393432819401e-58
