6.489622954439651092e-01 6.391516355401503091e-01 6.390942800306278482e-01 6.349302700392980281e-01 6.957079916299193645e-01 7.134442270245777706e-01 9.021725311081945087e-01 1.000000000000000000e+00
7.008852822894789947e-01 6.739779009221810169e-01 7.089179213980979499e-01 7.092534511288042243e-01 7.646311514978869628e-01 7.874854101922652561e-01 8.954686279701790097e-01 1.000000000000000000e+00
7.021757812537340326e-01 6.767577312837023129e-01 6.869077446188582847e-01 6.588934019177770107e-01 7.229834041833196334e-01 7.880972022938380617e-01 9.064522080437278362e-01 1.000000000000000000e+00
6.389919960386460929e-01 6.702698672315546835e-01 6.347094513276366756e-01 6.723251063227757562e-01 7.087018823122299693e-01 7.619019851697771406e-01 9.075390949491782822e-01 1.000000000000000000e+00
6.905220976439312430e-01 6.417546197473107394e-01 6.947817001511317203e-01 6.727227711887980854e-01 7.434440262802944899e-01 7.693151847755536066e-01 8.920626666297042373e-01 1.000000000000000000e+00
6.492051004342768161e-01 6.880070585513718973e-01 7.009560207512233188e-01 6.910258702025701139e-01 7.234422482594993209e-01 8.112181641074956984e-01 9.023350383851747036e-01 1.000000000000000000e+00
6.768523678744143846e-01 6.682060248139052305e-01 6.696007196204595280e-01 6.516618280921550044e-01 7.194742029257045202e-01 7.341036815545637362e-01 8.964121261018231923e-01 1.000000000000000000e+00
6.413359245277968634e-01 6.588666360133332844e-01 6.818155312984235383e-01 6.653755304189724606e-01 7.227233925401512771e-01 7.700015390395055226e-01 8.988439997055750474e-01 1.000000000000000000e+00
7.469159464567199924e-01 6.671086227317091222e-01 6.813738938751007224e-01 7.008145438277346706e-01 7.427672312679295397e-01 7.767169132794254915e-01 9.102978949572080314e-01 1.000000000000000000e+00
6.790223179846803792e-01 6.719924443675455716e-01 6.887622394267508552e-01 6.835419321350493238e-01 7.306193343510749560e-01 7.514651942870088641e-01 8.867993427058609157e-01 1.000000000000000000e+00
6.292511186714170313e-01 6.488609673771421615e-01 6.343022272100272696e-01 6.684258876004079974e-01 7.082525974876374697e-01 7.351972599361250582e-01 8.867668412504647879e-01 1.000000000000000000e+00
6.957835097174571715e-01 6.509162064683632343e-01 6.853323799573083352e-01 7.381931293835143348e-01 7.426869335545981388e-01 7.796726338701490677e-01 9.049485377690810184e-01 1.000000000000000000e+00
6.614820472475568813e-01 6.739033387598017955e-01 7.167211384686270614e-01 6.921882751955583668e-01 7.052089317823129200e-01 7.469484479121160092e-01 8.954313468889893990e-01 1.000000000000000000e+00
6.452198484476253659e-01 6.475542176851889486e-01 6.808462231874942150e-01 6.775626202673340481e-01 7.153857110219126181e-01 7.623044296615929527e-01 9.027336591763557294e-01 1.000000000000000000e+00
6.258719232353860962e-01 6.214345186486659456e-01 6.702268505994128933e-01 6.713452830351006595e-01 7.091549908374573663e-01 7.752228022563657506e-01 9.025147523150117701e-01 1.000000000000000000e+00
7.206528586463908370e-01 6.808003387798762240e-01 7.110056619447150394e-01 7.004608515190128282e-01 7.441992071556733368e-01 7.906151091618734972e-01 9.080801485890066527e-01 1.000000000000000000e+00
6.573773046160670264e-01 6.558736343414200975e-01 6.511188626020091297e-01 6.405463303467044955e-01 7.048103109911318942e-01 7.508428870086902851e-01 9.020884096942282104e-01 1.000000000000000000e+00
7.251753405722358714e-01 6.739109861610714791e-01 6.861248419138769039e-01 6.920037816399278174e-01 7.514355606070889371e-01 7.935086946172810185e-01 8.936026620603819692e-01 1.000000000000000000e+00
6.287607290650000236e-01 6.320739656650801175e-01 6.216744558635015627e-01 6.931719221838683609e-01 7.194455251709432897e-01 7.518886691323163340e-01 9.065554479608682881e-01 1.000000000000000000e+00
6.884611230017579908e-01 6.357389827235646607e-01 6.843869699753466485e-01 7.111347118411405210e-01 7.318888029618385582e-01 7.927076293342841806e-01 9.087521639755780090e-01 1.000000000000000000e+00
6.950560506716808584e-01 6.756048855423011368e-01 6.959574880963419474e-01 6.867729591714805126e-01 7.105917463509946463e-01 7.877148322303549888e-01 9.019469327707395623e-01 1.000000000000000000e+00
6.455744966815057939e-01 6.369931565317887845e-01 6.554912642779371357e-01 6.737064181771080795e-01 6.687222243996072679e-01 7.204913072945693386e-01 9.044849140671078480e-01 1.000000000000000000e+00
6.466518243353691631e-01 6.465906451252118048e-01 6.570838355923438456e-01 6.812113865981204164e-01 6.823193038570624092e-01 7.510962071757477654e-01 9.099939107567390773e-01 1.000000000000000000e+00
6.230462084662468092e-01 6.750695674534249457e-01 7.006214469456757410e-01 6.774240111193214897e-01 7.303402042047324461e-01 7.676623901761483459e-01 8.974378337971163910e-01 1.000000000000000000e+00
6.745696185954209723e-01 6.750858181811230097e-01 6.889304822546833407e-01 6.837053953371882153e-01 7.438675011256018488e-01 7.448702666170859965e-01 9.001230275679256154e-01 1.000000000000000000e+00
6.537247145846457608e-01 7.031479571401395567e-01 7.217588640550154366e-01 7.127024291014207868e-01 7.339631605562337846e-01 7.609307652085303131e-01 9.055201810139880125e-01 1.000000000000000000e+00
6.368736658869503797e-01 6.300206384241765489e-01 6.653105275081803160e-01 6.556279615756323009e-01 6.755656926107941329e-01 7.006443891494846810e-01 8.960029901338963931e-01 1.000000000000000000e+00
6.552379441108796554e-01 6.795041042646688956e-01 6.801789874267163416e-01 6.895403625059386421e-01 7.247853231074832259e-01 7.571194916007636388e-01 9.074855631402906075e-01 1.000000000000000000e+00
6.779459462559757066e-01 6.423176596657894644e-01 6.555916364196013868e-01 6.549674172909654146e-01 7.153321792130250545e-01 7.713321868604263720e-01 8.916802965662212754e-01 1.000000000000000000e+00
6.531683661422780229e-01 6.592289316484833961e-01 6.404268397018660908e-01 6.437104426220262576e-01 6.738402476993271550e-01 7.078807426009002812e-01 9.022901099027155203e-01 1.000000000000000000e+00
