2.934258590874607164e-01 1.887084414314946224e-01 3.653596762202291348e-01 4.575997156118972731e-01 1.384294174252132192e+00 2.847076522938762011e+00 7.481740731940819344e+00 6.081186104747189347e+01
2.714154247009906151e-01 1.324602803000072271e-01 2.637920143006729501e-01 4.098054918585573581e-01 1.280545920912050883e+00 2.135395765382825939e+00 5.836353888097670861e+00 6.077552400234429797e+01
1.815076612699831060e-01 1.979312615628318339e-01 2.567819182575720727e-01 3.499485811929106682e-01 1.488062702210997568e+00 2.907843322289584087e+00 6.199427960467090770e+00 5.947963623528158195e+01
3.813754008047802180e-01 4.289641498893242977e-01 4.707513018612746736e-01 6.230602831129228303e-01 1.597160716691807592e+00 2.354260077495511361e+00 6.944817724914264190e+00 6.508090161969204246e+01
1.442318951980869346e-01 2.079808356923158186e-01 3.575190169813731722e-01 4.761728376192658763e-01 1.287499547031916158e+00 2.188599163095795053e+00 6.573749780945779442e+00 5.842408506047205918e+01
3.057023019828070121e-01 3.598256680683868947e-01 4.601030703729248605e-01 4.807138977882102204e-01 1.518629115655635076e+00 3.069819581831438882e+00 6.542400967356500452e+00 6.429233376844796055e+01
2.864729655999060376e-01 2.033669116336824234e-01 4.495201085973164479e-01 4.559046184081086972e-01 1.575349409833188830e+00 2.243448301863714800e+00 6.868165446067412638e+00 6.201829306302946776e+01
3.180698733253487509e-01 4.796366678350229562e-01 5.280321069864615247e-01 7.300567522524525899e-01 1.551585347767194145e+00 2.612637236530853446e+00 6.896453813656712839e+00 6.301660876977995684e+01
2.817289331226731086e-01 2.972348711870547722e-01 4.552227365053719277e-01 5.798434025672044578e-01 1.138252512759545310e+00 1.872837491769294482e+00 5.452868296531774739e+00 5.780500199797538841e+01
2.228204535316668511e-01 2.123883291594700906e-01 3.073921132862447170e-01 5.284287769404028001e-01 1.328401474022442796e+00 2.353225115601639494e+00 6.406090844669385831e+00 5.941200277052586642e+01
3.105955130644060258e-01 3.502112539030243776e-01 3.686179468033273787e-01 5.195153797670898355e-01 1.211024110132061349e+00 2.224191724370576217e+00 7.110324684019234454e+00 6.106877937023816116e+01
2.035350949204256521e-01 3.613776602696423534e-01 4.049074991949049296e-01 6.301652423139291193e-01 1.529726593093452713e+00 2.291955823993421237e+00 6.952359971953727680e+00 6.386681176407905980e+01
2.056722326044016780e-01 3.131643405458320317e-01 4.399406130484656008e-01 4.092755502562229197e-01 1.362312272124137191e+00 2.121197176127559647e+00 6.361638247979008121e+00 5.914146891150301855e+01
3.638261166786066481e-01 2.115984112906142411e-01 4.809977808954300493e-01 6.112978999467328922e-01 1.529924177333671143e+00 2.288615130685631271e+00 6.954931354323950821e+00 6.345356132452447895e+01
2.196128050534019716e-01 2.888537260917727334e-01 3.236784482178128308e-01 5.065200924802178983e-01 1.425232355468398104e+00 2.970946156423100781e+00 6.983032736826363163e+00 6.254084927273696337e+01
2.188824871959446361e-01 2.992193709167305093e-01 4.745065223743983318e-01 5.013031000317511587e-01 1.652112504867924603e+00 2.247468394830565153e+00 6.110931929321311351e+00 6.153017795300761605e+01
3.047495442244591013e-01 2.162205662443074106e-01 4.766398105222000026e-01 7.616676547193297342e-01 2.093201012621450641e+00 2.655466702059219308e+00 7.379363673098753296e+00 6.243972880814109061e+01
2.933590691925465066e-01 2.520347088114604506e-01 4.132670574126843799e-01 4.870306127914857397e-01 1.333662955867512157e+00 2.474835745316241287e+00 6.011054738629121097e+00 6.105618733017208655e+01
2.192684477794358267e-01 2.267735077382307951e-01 4.281734047994867898e-01 4.700467855848681209e-01 1.525248971956783439e+00 2.095951983208922176e+00 6.434875891298466932e+00 5.896205351910063541e+01
1.716314154351912258e-01 2.322980254214111195e-01 3.942442063096407434e-01 5.155001853589671335e-01 1.402883136401962050e+00 2.375776331402353225e+00 7.021951060577364956e+00 6.264070182215355942e+01
2.625944476654178961e-01 2.459130164620867698e-01 4.231016410271030703e-01 4.581871145024938863e-01 1.306555391398602106e+00 1.957321479432015510e+00 6.102875932501448553e+00 5.945313389099046475e+01
2.571508091756841696e-01 2.492395116206250205e-01 4.627414445469801851e-01 5.501744959066107166e-01 1.149878039130155072e+00 2.241488876188978630e+00 7.020336199066544047e+00 6.047876245404656714e+01
2.512144452970846986e-01 5.560025677634446994e-01 5.333956273433176909e-01 6.219554577267971673e-01 1.278418510040418399e+00 2.064896279756838648e+00 6.545894583364127328e+00 5.746538547605094749e+01
1.600365952588080343e-01 3.186557815645036928e-01 3.663696467829138381e-01 3.700581224053177132e-01 1.311446744369566764e+00 2.796891384212513376e+00 7.195573253995147134e+00 6.539524122222813673e+01
2.607234238862486952e-01 2.604404918773638999e-01 2.788264724860434196e-01 4.520916736032278282e-01 1.210128381655591223e+00 2.284520342866999343e+00 7.063670671706012705e+00 5.781172052320315657e+01
2.457690233960352633e-01 2.305332229451971249e-01 3.850588710274904236e-01 5.627408441327663713e-01 1.505701912616316251e+00 2.463348262048303372e+00 6.637654826353614368e+00 5.998810005860727301e+01
3.007761335501627498e-01 2.884372497712880956e-01 2.063502634040905448e-01 4.967323068550225651e-01 1.203262399208182787e+00 2.183345441454402458e+00 7.002491841321493382e+00 5.750555117480952561e+01
1.251345691094416790e-01 1.295555819024064304e-01 3.807399762557293621e-01 3.945508089104514671e-01 1.942469044070097572e+00 2.588526143635022425e+00 7.010309949217029768e+00 6.424778411209975104e+01
2.203933699456594730e-01 4.128754291916669761e-01 2.916124313705414917e-01 4.622206419042628744e-01 1.440399681814729771e+00 2.760818917644835668e+00 6.364666519350038243e+00 6.142825150514146060e+01
2.015483919975222249e-01 1.704700947888652118e-01 2.893256737547434954e-01 4.566535392878320887e-01 1.112087351958874315e+00 2.003609259281662336e+00 6.952809568559451314e+00 5.832900793862219757e+01
