5.482734551871268195e+03 2.866595955317132848e+03 1.765352144671459882e+03 1.498217110742822115e+03 1.199320535980510385e+03 1.332666362926242982e+03 1.366076375845546181e+03 1.266628115768771750e+03
6.472279713421027736e+03 2.794408257165656778e+03 1.646161980586761729e+03 1.448853332871783323e+03 1.230935032773759303e+03 1.310208266414821082e+03 1.401403341239654537e+03 1.292938635060328124e+03
4.071097055516645923e+03 2.848766743032908380e+03 1.848063516977942527e+03 1.515467354492503773e+03 1.320776309795499174e+03 1.376251590755904999e+03 1.420357388952189240e+03 1.290840822118640062e+03
5.630902854542448949e+03 3.624476548433942753e+03 1.611577920569175149e+03 1.481401587658973767e+03 1.284245870499525154e+03 1.342278115794851601e+03 1.414514583670594675e+03 1.271630445116820283e+03
5.617684746285016445e+03 3.001373686447243927e+03 1.916175942716900181e+03 1.556924100622995184e+03 1.264239680721871082e+03 1.301183644595596661e+03 1.392251634641298779e+03 1.285804740642053048e+03
5.518232546863214338e+03 3.112486513920938251e+03 1.707356140368692877e+03 1.303529233408431082e+03 1.317702417090881909e+03 1.310111041368571705e+03 1.446948221972477313e+03 1.304290097575092886e+03
5.695235661014617108e+03 3.502662845385199944e+03 1.516269820625012017e+03 1.360687086032489560e+03 1.258051034740111163e+03 1.326168155873018804e+03 1.413693543659923535e+03 1.276332134775427903e+03
6.210167086186265806e+03 3.491804796663867819e+03 1.551480167719631254e+03 1.535918860153067726e+03 1.251799571833653772e+03 1.289822399200641030e+03 1.380189156809470433e+03 1.264856377211344579e+03
5.091544571213545169e+03 2.265985136584489737e+03 1.901149539791448433e+03 1.443702760987146348e+03 1.292967809077744732e+03 1.309551097721506949e+03 1.399271996448122081e+03 1.293777189217914611e+03
7.155683230876069501e+03 3.037655782225469920e+03 1.825907662286712366e+03 1.442225892905636556e+03 1.185592431096008795e+03 1.287369058373531971e+03 1.410722460321914241e+03 1.269733621552073373e+03
6.044191538029499497e+03 2.816581950914840945e+03 1.600487159136298715e+03 1.325760599214165723e+03 1.203303145506901728e+03 1.239467354040614964e+03 1.391229697984381801e+03 1.278375907501861320e+03
6.057795144542474191e+03 2.800375273753923466e+03 1.683993469494925193e+03 1.214013013987618706e+03 1.183529268726462533e+03 1.265260801468371028e+03 1.418706006380975168e+03 1.292554853576516507e+03
9.056032063778849988e+03 2.968946936412416107e+03 1.569044146050863446e+03 1.311602967772289730e+03 1.233465832935946082e+03 1.315147730088596290e+03 1.408709433259964953e+03 1.275028777480480585e+03
6.803724482453932978e+03 2.679387738977792196e+03 1.416973162775940409e+03 1.275641474899030072e+03 1.238405256756742801e+03 1.306718307440469289e+03 1.376945974503645175e+03 1.287953113301008443e+03
6.002815921759667617e+03 2.501392914919768828e+03 1.580916593609141728e+03 1.305676108262526668e+03 1.240660130396144950e+03 1.297834128057428188e+03 1.388385139242254127e+03 1.277247297778183793e+03
6.748509670901377831e+03 2.729568728917933186e+03 1.653719327876748139e+03 1.428276405453108737e+03 1.286824814060682456e+03 1.357497949247166844e+03 1.421161953237624857e+03 1.277666956036269994e+03
6.771974287002267374e+03 2.549647684263201882e+03 2.055398769141595494e+03 1.240129789202483380e+03 1.253689076789801220e+03 1.343517740630151820e+03 1.395302064211179641e+03 1.270060334667075495e+03
7.023123066221903173e+03 2.851754871158664173e+03 1.515267218751263499e+03 1.274837686171430960e+03 1.273487829014560702e+03 1.370183215997710022e+03 1.435577756582654729e+03 1.288025657000491037e+03
7.005524547575151701e+03 2.544405845850983496e+03 1.578589037060393366e+03 1.340320681344303011e+03 1.187195175857058985e+03 1.207631992290944709e+03 1.365377065359147991e+03 1.267132914948272628e+03
5.641154688503786019e+03 3.159579012029230398e+03 1.705015841168837142e+03 1.388970205671636904e+03 1.198653143540670271e+03 1.257869338855905880e+03 1.382605847119963300e+03 1.277736497486190956e+03
5.587520328736035481e+03 2.919336904930035871e+03 1.473531903517449337e+03 1.595608646666887125e+03 1.273267271674158110e+03 1.327202674913147575e+03 1.420614809954589873e+03 1.279726299830433391e+03
6.791147917333421901e+03 3.119016779109900654e+03 1.778519814133261889e+03 1.475545071480821207e+03 1.266577466298082072e+03 1.292977628798011438e+03 1.433071992754634948e+03 1.278903614329683933e+03
6.596199168515689962e+03 4.007235132722308208e+03 1.543880732415996135e+03 1.195011765507228574e+03 1.220160635752145481e+03 1.296809565773095528e+03 1.433443476655007316e+03 1.283000580914532293e+03
3.845875962527329648e+03 2.958382038874854516e+03 1.903437346943734156e+03 1.337894476833404497e+03 1.230289806706180570e+03 1.268785743863452353e+03 1.388722930072695362e+03 1.274284499261556675e+03
6.064651256340156579e+03 2.905975517285429305e+03 1.587021661976172481e+03 1.268670720476800852e+03 1.158279807335923806e+03 1.214320166963581642e+03 1.384864402235636362e+03 1.279271617553286205e+03
4.773313014518945238e+03 2.894369976286649035e+03 1.889892340230255286e+03 1.423377984669323496e+03 1.299968486423275863e+03 1.310473698304125037e+03 1.392521564965175912e+03 1.285170243629139804e+03
4.048608277740626363e+03 3.416098939602994506e+03 1.611690574801280718e+03 1.371042296405016032e+03 1.181845262390616426e+03 1.279184165182095740e+03 1.424350603967485085e+03 1.300030817201553418e+03
5.754480293981037903e+03 2.993749688324867748e+03 1.566330885663726349e+03 1.455180381707372817e+03 1.196899899216644371e+03 1.276916063254464689e+03 1.412510826819478325e+03 1.271497017219152212e+03
4.994444318121636570e+03 2.958523947786770350e+03 1.762240025910110944e+03 1.501172217568637961e+03 1.275522880398490543e+03 1.361052358161421580e+03 1.444796316373707668e+03 1.281319926768466757e+03
6.092567300295228961e+03 2.648322772510317009e+03 1.506332927110784112e+03 1.447663809135560086e+03 1.307576052870717831e+03 1.376991956859766333e+03 1.444170488035314293e+03 1.306970422581441426e+03
