3.885841835076009776e+00 2.423853344166504886e+00 1.547994311476228013e+00 1.322093773451833876e+00 1.336385149778193560e+00 1.328747920930641424e+00 1.110966673243608982e+00 9.991888508833124405e-01
4.633022959209759151e+00 2.785590484191731164e+00 1.720467624879844282e+00 1.460037305100631011e+00 1.334778577356412255e+00 1.300774348845682882e+00 1.108793229748238351e+00 9.975046378257556023e-01
3.924753924746454459e+00 2.540396420431810576e+00 1.755468904417900156e+00 1.285331568942104097e+00 1.317018260183077105e+00 1.314088839688294597e+00 1.114179296839214572e+00 1.002335346838759467e+00
4.113914022910417856e+00 2.630753954445918197e+00 1.556558461288469974e+00 1.376843720312157071e+00 1.353614758208514735e+00 1.296154404755578193e+00 1.112993631852231102e+00 9.970549015496703582e-01
4.204847857839038028e+00 2.731755904464997275e+00 1.595567670124958148e+00 1.408266075965177500e+00 1.309515261430445499e+00 1.280621933547449576e+00 1.108296709299292138e+00 9.944494573656702530e-01
4.898137130089005531e+00 2.370773187168926377e+00 1.622113438344846559e+00 1.355648793109293981e+00 1.275214244127313101e+00 1.277213979715395187e+00 1.102047743347659203e+00 9.956049578408158185e-01
4.325828665806577433e+00 2.938950144461087266e+00 1.713017630482550624e+00 1.362503609456867659e+00 1.290588863357552851e+00 1.274065661381273751e+00 1.101491598554154239e+00 9.950139270859742480e-01
3.905806537945030410e+00 2.629554875972687000e+00 1.769264637364827086e+00 1.350931422738911314e+00 1.317700726400502953e+00 1.285940433091208535e+00 1.100019585182124615e+00 9.899587805820986297e-01
4.445534398363179207e+00 2.369438273735768874e+00 1.592331116411154213e+00 1.377732331814956579e+00 1.284688862169519386e+00 1.283697129768337053e+00 1.102686719660635140e+00 9.992221356952519784e-01
4.966023673797256954e+00 2.672036831846901439e+00 1.655568695241404376e+00 1.318553534781318426e+00 1.278949079283264290e+00 1.281667235091280110e+00 1.105661076071384530e+00 9.990987832978766026e-01
4.260327138892949783e+00 2.764872024581866761e+00 1.860523659061698920e+00 1.436933193183847601e+00 1.294003075878425779e+00 1.311151252603073747e+00 1.104903489307169417e+00 9.970667818123536419e-01
4.084932756134934451e+00 2.349738290870830859e+00 1.800018161072101330e+00 1.523789816723909674e+00 1.308254472849448735e+00 1.322214978682183961e+00 1.108630465534532261e+00 9.968352224499368308e-01
5.519437256304414952e+00 2.792691455070766882e+00 1.573841332504430479e+00 1.425263042525966695e+00 1.303978431521829240e+00 1.298011137864810927e+00 1.104633940214902355e+00 9.970546268551470082e-01
4.753916386037165154e+00 2.803166736770115630e+00 1.624295315496432135e+00 1.311700408610654511e+00 1.295121737929137096e+00 1.304133401563553507e+00 1.119211898848766040e+00 1.008183854515744660e+00
4.382163283943014243e+00 2.597112480376138066e+00 1.616776404201170969e+00 1.442449084046488528e+00 1.328432102832831418e+00 1.322053590982360749e+00 1.111702755145422161e+00 9.996453213481566458e-01
4.911700160492723732e+00 2.543631480227078967e+00 1.755819687791949413e+00 1.383541579764413054e+00 1.273219314032982608e+00 1.294841564716769255e+00 1.105027432213645300e+00 9.951806706585261120e-01
5.138746880076548784e+00 2.606875041612355837e+00 1.693466327861325782e+00 1.446095385257200494e+00 1.300133682495122178e+00 1.268521411404370580e+00 1.103804752812339141e+00 9.982753231370550262e-01
4.980794847386397883e+00 2.330563729234839787e+00 1.598148297602337786e+00 1.351998028086380144e+00 1.301177462318656941e+00 1.316375831904015525e+00 1.109391676859835529e+00 1.001004610951193197e+00
4.512101738281770302e+00 2.438561496822126085e+00 1.587183727221908702e+00 1.353450004947994056e+00 1.315149352649144454e+00 1.291019008765854847e+00 1.109016321408649475e+00 9.997343497523387690e-01
4.249691373377441295e+00 2.390829230054571486e+00 1.659015903453947782e+00 1.431403262970142753e+00 1.299043561868887586e+00 1.282088224226156870e+00 1.103225619066926511e+00 9.959596803908552509e-01
4.003964942052836484e+00 2.683618805830116028e+00 1.649705209106797410e+00 1.327651261879329470e+00 1.289302647316283634e+00 1.263857949664551228e+00 1.102555558816529890e+00 9.975336937252002878e-01
4.383816424224272978e+00 2.574817229962341969e+00 1.573445321148254861e+00 1.334750821301125212e+00 1.294143905520809712e+00 1.290146170478793319e+00 1.102069433107288887e+00 9.973052801974062742e-01
4.790486442127975586e+00 2.749907017463831149e+00 1.658071175104677941e+00 1.349904412184146585e+00 1.289958598445720916e+00 1.279455938816587812e+00 1.108001707788047296e+00 9.974173118403668603e-01
4.364836956973745075e+00 2.972169919207310329e+00 1.762753568481188138e+00 1.510673851451487693e+00 1.312882657496265537e+00 1.316752749092236829e+00 1.112795785397158399e+00 1.001621223926309368e+00
4.828544435902249354e+00 2.616811455529954866e+00 1.649287620394558340e+00 1.422607134604859658e+00 1.297229871146219571e+00 1.285231658642243868e+00 1.104246237632772853e+00 9.978309685324303624e-01
4.259833567291734013e+00 2.704333294150906841e+00 1.653503998216796278e+00 1.348595146428364755e+00 1.270679816651094640e+00 1.266496905179034682e+00 1.110340859508886835e+00 1.001364665452591396e+00
3.937961617940449521e+00 2.602021546787796513e+00 1.625981090287903275e+00 1.466004188187502999e+00 1.311701565668808467e+00 1.309506320636205867e+00 1.111501045237862195e+00 1.002230627250703332e+00
4.093912029505580641e+00 2.532735826680339919e+00 1.620612867753019826e+00 1.361375716350916143e+00 1.325428204519214281e+00 1.284843122877347810e+00 1.098698240223445755e+00 9.937529921367389552e-01
4.174247452846816309e+00 2.726988130664283361e+00 1.657006096590028843e+00 1.314034336844787765e+00 1.323665613284004117e+00 1.287573253099122628e+00 1.104025108509516295e+00 9.941131061863026641e-01
3.798206318590528152e+00 2.497523180560435208e+00 1.704215225775974174e+00 1.385305600570560847e+00 1.302681108109129182e+00 1.294743546555673142e+00 1.105777815317863011e+00 9.988754306404258321e-01
