3.564026998764140974e-01 4.664892100009506715e-01 6.247742180815666346e-01 7.026333301644642759e-01 7.863865386443578132e-01 7.726970244319801839e-01 7.562505941629432682e-01 7.699401083753208974e-01
3.205627911398422070e-01 4.476661279589314590e-01 6.189751877554900972e-01 6.886586177393287933e-01 7.743131476376081679e-01 7.696549101625629330e-01 7.541591406027189359e-01 7.679437208860158126e-01
3.641030516208765277e-01 4.326456887536838103e-01 5.914060271888962328e-01 6.992109516113699241e-01 7.876223975663085852e-01 7.764996672687517476e-01 7.551098013119117436e-01 7.687042494533701253e-01
3.455651677916151687e-01 4.500427797319137002e-01 6.075672592451754062e-01 6.999714801787242369e-01 7.831542922331019563e-01 7.717463637227873763e-01 7.566308584466203691e-01 7.694647780207244381e-01
3.463256963589694815e-01 4.511835725829451693e-01 6.048103431885160086e-01 6.895142123776024645e-01 7.893335868428558166e-01 7.804924422473619172e-01 7.575815191558132877e-01 7.671831923186614999e-01
3.482270177773552633e-01 4.605000475330354726e-01 6.025287574864530704e-01 7.059606426466393803e-01 7.854358779351648945e-01 7.812529708147162300e-01 7.525430173970909520e-01 7.676585226732579592e-01
3.495579427702252828e-01 4.601197832493583162e-01 6.384637322939442639e-01 7.265899800361250715e-01 7.852457457933263996e-01 7.736476851411731026e-01 7.567259245175397275e-01 7.689894476661279787e-01
3.407167981747314389e-01 4.605951136039547755e-01 6.283867287764997034e-01 7.052001140792850675e-01 7.822986975948283961e-01 7.780207244034603731e-01 7.603384352124726853e-01 7.697499762334822915e-01
3.556421713090597847e-01 4.920619830782393955e-01 6.153626770605571394e-01 7.071965015685901523e-01 7.801121779636848164e-01 7.747884779922046272e-01 7.550147352409924961e-01 7.670881262477421414e-01
3.244605000475330181e-01 4.335963494628766735e-01 6.058560699686281747e-01 7.052001140792850675e-01 7.956079475235288134e-01 7.797319136800076045e-01 7.549196691700732487e-01 7.699401083753208974e-01
3.296891339480939043e-01 4.603099153911968666e-01 6.026238235573724289e-01 7.031086605190607353e-01 7.866717368571156666e-01 7.775453940488639137e-01 7.566308584466203691e-01 7.683239851696929135e-01
3.363437589124441685e-01 4.639224260861298799e-01 6.094685806635611325e-01 7.050099819374465726e-01 7.860062743606807123e-01 7.763095351269132527e-01 7.539690084608803300e-01 7.677535887441772067e-01
3.091548626295275159e-01 4.525144975758151888e-01 6.338054948188991400e-01 7.124251354691510940e-01 7.928510314668695269e-01 7.783059226162182265e-01 7.564407263047818741e-01 7.696549101625629330e-01
3.140032322464112458e-01 4.560319421998288991e-01 6.341857591025762408e-01 7.179389675824697781e-01 7.840098868713756275e-01 7.705105048008366042e-01 7.548246030991538902e-01 7.687042494533701253e-01
3.536457838197547554e-01 4.872136134613556657e-01 6.030991539119687772e-01 7.017777355261907157e-01 7.826789618785056080e-01 7.706055708717558517e-01 7.542542066736381834e-01 7.692746458788858321e-01
3.185664036505371222e-01 4.532750261431695016e-01 6.074721931742561587e-01 7.071014354976709049e-01 7.816332350983933308e-01 7.698450423044015389e-01 7.547295370282346427e-01 7.683239851696929135e-01
3.354881642741705527e-01 4.580283296891339284e-01 5.758151915581328772e-01 7.084323604905409244e-01 7.842950850841334809e-01 7.745032797794466628e-01 7.555851316665082029e-01 7.688943815952086203e-01
3.301644643026903636e-01 4.812244509934404668e-01 6.306683144785626416e-01 7.185093640079855959e-01 7.879075957790664386e-01 7.784960547580568324e-01 7.548246030991538902e-01 7.677535887441772067e-01
3.359634946287670121e-01 4.867382831067592064e-01 6.165034699115885530e-01 7.161327122350032992e-01 7.869569350698735200e-01 7.743131476376081679e-01 7.572963209430554343e-01 7.699401083753208974e-01
3.213233197071965197e-01 4.480463922426086154e-01 6.075672592451754062e-01 6.926513927179389629e-01 7.796368476090883570e-01 7.785911208289761909e-01 7.558703298792660563e-01 7.692746458788858321e-01
3.401464017492157321e-01 4.713375796178344013e-01 6.474950090312767692e-01 6.989257533986120707e-01 7.926608993250309210e-01 7.787812529708146858e-01 7.551098013119117436e-01 7.694647780207244381e-01
3.258864911113223961e-01 4.609753778876319319e-01 6.230630288050195142e-01 7.078619640650252176e-01 7.842000190132142334e-01 7.784960547580568324e-01 7.553949995246695970e-01 7.676585226732579592e-01
3.200874607852457476e-01 4.379693887251639994e-01 6.251544823652438465e-01 7.203156193554520748e-01 7.914250404030801489e-01 7.789713851126532917e-01 7.552048673828311021e-01 7.681338530278543075e-01
3.538359159615933058e-01 4.663941439300313685e-01 5.967297271603764219e-01 7.054853122920429209e-01 7.810628386728776240e-01 7.745032797794466628e-01 7.543492727445574308e-01 7.678486548150964541e-01
3.441391767278258462e-01 4.748550242418481115e-01 6.033843521247266306e-01 7.182241657952276315e-01 7.929460975377887744e-01 7.847704154387299402e-01 7.594828405741990140e-01 7.682289190987736660e-01
3.132427036790569330e-01 4.461450708242228336e-01 6.016731628481795102e-01 7.163228443768419051e-01 7.894286529137750641e-01 7.844852172259720868e-01 7.545394048863960368e-01 7.674683905314193533e-01
3.570681623728491072e-01 4.581233957600532314e-01 6.052856735431124680e-01 7.007320087460785496e-01 7.932312957505466278e-01 7.773552619070254188e-01 7.561555280920239097e-01 7.674683905314193533e-01
3.444243749405836996e-01 4.300789048388630187e-01 6.182146591881357844e-01 7.173685711569540713e-01 7.863865386443578132e-01 7.788763190417340443e-01 7.574864530848940403e-01 7.708907690845137051e-01
3.646734480463922345e-01 4.400608422853883317e-01 6.142218842095256148e-01 7.024431980226256700e-01 7.813480368856354774e-01 7.700351744462401449e-01 7.545394048863960368e-01 7.695598440916436855e-01
3.664797033938587134e-01 4.706721171213993915e-01 6.204962448901987226e-01 7.092879551288144846e-01 7.902842475520486243e-01 7.726019583610609365e-01 7.528282156098488054e-01 7.665177298222264346e-01
