8.733069224444959033e+00 1.115105482838872319e+01 1.356546159701913190e+01 1.475292815385271972e+01 1.629328303035191894e+01 1.674211549077114825e+01 1.918500634745605282e+01 2.262903385169496673e+01
8.434237065268028744e+00 1.100694609931587742e+01 1.356607196427303030e+01 1.472419680755259286e+01 1.650295883631748595e+01 1.696077767362190869e+01 1.933771233442228521e+01 2.295387689338385329e+01
8.376686404882686787e+00 1.090474063486002265e+01 1.381887965208239066e+01 1.507508902768222292e+01 1.684020101332783170e+01 1.732553137515586883e+01 1.975968147966437627e+01 2.332164741612446690e+01
8.573655242492428386e+00 1.111293603159437637e+01 1.368213781643824412e+01 1.492841936922501489e+01 1.662368395631692053e+01 1.707099296660427967e+01 1.941470654096157133e+01 2.300728840531120412e+01
9.386132949791671010e+00 1.191603694890230614e+01 1.463515138710914165e+01 1.580791129542432394e+01 1.746968879540659358e+01 1.791762319509176038e+01 2.027404042709899556e+01 2.399334545226144044e+01
8.998522248061430417e+00 1.141513218835264176e+01 1.397957646735983772e+01 1.516260475628859261e+01 1.682373197470280246e+01 1.730285248065922943e+01 1.963917937472045594e+01 2.318018556784234718e+01
9.181445521185622738e+00 1.175025029101230523e+01 1.462089265285709772e+01 1.591261798503152747e+01 1.737786071452112324e+01 1.780519324806028436e+01 2.021546892209546087e+01 2.380098925980781033e+01
9.465507809233379533e+00 1.158616459173395619e+01 1.434978371950317033e+01 1.541766118800876484e+01 1.696960950025934167e+01 1.740239429087208478e+01 1.976732050350729253e+01 2.335067020020630224e+01
9.053015076959029628e+00 1.145924389321586290e+01 1.377000069874110189e+01 1.491655278255458406e+01 1.651469955615556273e+01 1.700258623489152399e+01 1.933762575312455212e+01 2.290683906282218629e+01
9.349281498970482218e+00 1.173014061945979236e+01 1.443008651203497728e+01 1.567798941183028916e+01 1.739994417033614482e+01 1.785936665861310502e+01 2.017933790668451266e+01 2.375243653838561286e+01
9.240643402645048354e+00 1.192225815775831954e+01 1.436277269917367327e+01 1.565811978653094094e+01 1.726038975153806732e+01 1.773666371617885318e+01 2.021153023207503452e+01 2.373392430810213938e+01
8.984934193266948199e+00 1.142710637052967471e+01 1.406699252032677450e+01 1.520521726010082020e+01 1.683026232747639739e+01 1.733975388220414970e+01 1.979886602743589208e+01 2.337841532662235977e+01
9.194571683786982419e+00 1.164540341552454095e+01 1.443978024107625124e+01 1.540627757860978519e+01 1.688692628786533945e+01 1.736793864873954263e+01 1.971725597615339254e+01 2.328778983510413525e+01
8.392172360169430689e+00 1.116053585326976716e+01 1.392720933634866753e+01 1.509290836029476424e+01 1.663319951555954290e+01 1.709924364802626329e+01 1.947329496115938241e+01 2.303147479507428130e+01
9.017546570296561370e+00 1.138496164086506113e+01 1.389763783860720281e+01 1.521199619062768171e+01 1.686488798586928439e+01 1.737283981281216327e+01 1.982611312106739732e+01 2.343841874062440311e+01
9.180740086572578562e+00 1.155885417663588122e+01 1.426333249871355235e+01 1.547831620065126046e+01 1.698297204415505846e+01 1.742947601948207037e+01 1.981167382316820635e+01 2.344462878387480131e+01
9.540123260223342783e+00 1.172109461396924068e+01 1.434533552404057666e+01 1.563211955061925451e+01 1.732853125629327096e+01 1.776327077494018525e+01 2.004791855189783689e+01 2.358052381269636300e+01
8.394714922068482466e+00 1.075819553850715415e+01 1.351677154124526758e+01 1.471230358446844555e+01 1.639463010654991848e+01 1.686678451419849267e+01 1.930169043491652658e+01 2.294893239899430881e+01
9.471516081776472973e+00 1.215392719553161704e+01 1.446595543001422079e+01 1.560765398517510683e+01 1.698715559867561709e+01 1.744374536266077769e+01 1.986957108735805377e+01 2.350583351763719975e+01
8.747945571700027401e+00 1.088467546763268778e+01 1.378602130731797182e+01 1.497797722046169966e+01 1.672889270810053830e+01 1.718857785369575808e+01 1.967810839274744339e+01 2.325887313925696986e+01
9.066817551549263499e+00 1.120353579077828243e+01 1.407039014645115138e+01 1.509511410771753503e+01 1.673760483142340405e+01 1.716506044469081260e+01 1.941070631806755031e+01 2.296448454470983691e+01
9.236698056441976945e+00 1.175298667035321820e+01 1.462010144181856397e+01 1.571729204920980827e+01 1.720105081596501506e+01 1.768946373620732970e+01 2.014446832800502918e+01 2.363186718066911496e+01
9.204911410377125236e+00 1.142539275282698696e+01 1.440988903565764367e+01 1.555123187206018898e+01 1.715319053328508403e+01 1.758868652036185765e+01 1.996028212708801419e+01 2.371143341793252191e+01
9.250731726802980504e+00 1.129552530362670559e+01 1.397858229644097960e+01 1.507553209375938330e+01 1.676551772640863902e+01 1.724578408473425739e+01 1.966869238599339909e+01 2.328762125391380167e+01
9.152899115033713784e+00 1.155027667987565110e+01 1.426448077298208617e+01 1.552323908374612316e+01 1.713750024848936704e+01 1.757554055557323025e+01 1.998213787539078723e+01 2.357851648550906631e+01
8.561792758837189155e+00 1.079711142851656192e+01 1.367562002357409590e+01 1.503289211160432082e+01 1.659709556353333681e+01 1.702179479255512362e+01 1.927693625629237317e+01 2.283335512034499359e+01
8.950651106449944550e+00 1.162776929083572242e+01 1.440665689275064132e+01 1.549785115259464519e+01 1.716676536379536699e+01 1.761681500584020554e+01 2.004750758646579101e+01 2.363865654333847388e+01
9.566577352743513174e+00 1.149257223457793664e+01 1.440287822498239478e+01 1.562220125676759253e+01 1.720812797853609766e+01 1.762978683089545129e+01 1.998701116035537595e+01 2.351363179770227418e+01
9.300337465831500339e+00 1.159989376111584214e+01 1.416426337377635569e+01 1.571723903820309332e+01 1.721128360942879354e+01 1.765104453382437200e+01 2.003941553462924929e+01 2.360175918781104087e+01
8.891686985199644511e+00 1.118258246651328491e+01 1.410916335086542439e+01 1.518647086382283540e+01 1.692860170514784812e+01 1.737136790433541833e+01 1.977325750526761894e+01 2.333918126388691761e+01
