2.626079553615592304e+05 2.839353831931633758e+05 2.302035442620920076e+05 2.067433936524309102e+05 1.229199652010069840e+05 9.105137965777481440e+04 5.883795784768525482e+04 5.065552706524432142e+04
2.710701969872497721e+05 2.243897611080269271e+05 2.151518550258926407e+05 1.634627850452497951e+05 1.059199262128404807e+05 1.022850697207162884e+05 7.024278505569619301e+04 5.256171082319373090e+04
2.753603954772462021e+05 2.775688854082482867e+05 2.421195023852911254e+05 2.158632932526315562e+05 1.313441733752852888e+05 1.038482375079945487e+05 6.128299847535524896e+04 4.555959935006084561e+04
2.931841291237075930e+05 2.725479672778188251e+05 2.227285767765404307e+05 2.034920746764864016e+05 1.280506720440868230e+05 9.300399081004319305e+04 6.044391662434068712e+04 4.344674070683968603e+04
2.531271792607207608e+05 2.690981261637852876e+05 2.271832977831881435e+05 1.879871403724751144e+05 1.135734252921935695e+05 9.021260631781585107e+04 6.181496373379255965e+04 4.557531936416733515e+04
2.627997949027351569e+05 2.377618956463016511e+05 2.144378229635778407e+05 1.676767456815838232e+05 1.100163440339862864e+05 9.096094924422676559e+04 6.338619693468955666e+04 4.800308655429983628e+04
2.784645866197440773e+05 2.866132528596319607e+05 2.189975198669372767e+05 1.796618508602387737e+05 1.378511555482748663e+05 1.058446056952128129e+05 6.709415986556753342e+04 4.957015688540878909e+04
2.585280082831118780e+05 2.429656008041270834e+05 2.173654095587363990e+05 1.734599566407793318e+05 1.210117933493898454e+05 9.896808886361205077e+04 6.573805170131610066e+04 4.848405712554446654e+04
2.337089013880771818e+05 2.456832061888767057e+05 2.102717935806894384e+05 1.651840860552605300e+05 1.041856649725217867e+05 8.257448327564587817e+04 5.795463300825718761e+04 4.354609810247264977e+04
2.705843274705351796e+05 2.216120598006018845e+05 2.333167718616170459e+05 1.849015309389686154e+05 1.357156967253495241e+05 1.192001834612216480e+05 7.624694173957550083e+04 5.021401647095110820e+04
2.977422723689192208e+05 2.793512973409675178e+05 2.514342159457927337e+05 2.509989532430636755e+05 1.408642595960602921e+05 1.126198610371745162e+05 7.269194665222452022e+04 5.070029169581526367e+04
2.564850057172380330e+05 2.580857488489572715e+05 1.835855342251099064e+05 1.747516068909338792e+05 1.212658700872361951e+05 1.002533566437308473e+05 6.290049463997868588e+04 5.005140771854967898e+04
1.969722736098472087e+05 2.468620466974807787e+05 1.781538349435842247e+05 1.935482595448011125e+05 1.175621814989786653e+05 9.860424734734393132e+04 6.370423329309016844e+04 4.815623072752630105e+04
2.461281761333119357e+05 2.567328366740317433e+05 2.212406295206253999e+05 2.172277929025431804e+05 1.314345808722862275e+05 9.796234432847362768e+04 6.357319916506046138e+04 5.008210345360169595e+04
2.726046923448105226e+05 2.527386635898796376e+05 1.901973691363634425e+05 1.603604482151290285e+05 1.107210526373321190e+05 9.684346094552532304e+04 6.021190191456707544e+04 4.801252174947732419e+04
2.431139111944540346e+05 2.263007757030802313e+05 2.091896439802406239e+05 1.817861249547377811e+05 1.231373322015507147e+05 1.077365709819335898e+05 6.327691489881956659e+04 4.971196001735868776e+04
3.192655554416697705e+05 2.900368100374953938e+05 2.300825791904111102e+05 2.130565324761821248e+05 1.440591337936890777e+05 1.084927385189838096e+05 6.277927546425467881e+04 4.904710428144589969e+04
2.380016088350368664e+05 2.441541738657992100e+05 1.912220575882590201e+05 1.731258736179902335e+05 1.200119400315411913e+05 1.054042328649096889e+05 7.220470733267269679e+04 5.375032302639325644e+04
3.168068856805363903e+05 2.723698010692154057e+05 2.341054010111242824e+05 2.080692125386601547e+05 1.312372323500281491e+05 1.022682416055564681e+05 5.991332046248338156e+04 4.585732374056032859e+04
2.554442496367215936e+05 2.354168147936782916e+05 2.276621629027500167e+05 1.919960842084222240e+05 1.107534052165506873e+05 9.186356658816550043e+04 5.651733306354544038e+04 4.310306745371188299e+04
2.260092461652215861e+05 2.820761486779095139e+05 2.135741867783388589e+05 2.094872313027406635e+05 1.094697834469118097e+05 1.018776590799211845e+05 6.736339226515170594e+04 5.453400683907684288e+04
2.596149141530559282e+05 2.408538467530699563e+05 2.465214873362075305e+05 2.158253784016495047e+05 1.665468276006897795e+05 1.106698056939504459e+05 6.551742485834329273e+04 5.050748949276969506e+04
2.801565358814093051e+05 2.954420628375136876e+05 2.157909581333402311e+05 2.263492649680715695e+05 1.252807698887575243e+05 1.024633395918734750e+05 6.100694181425912393e+04 4.492733774731583253e+04
2.483832952110767073e+05 2.915242712949280976e+05 2.111154234073281987e+05 2.228712822833852551e+05 1.223561738508514100e+05 1.121541861829277186e+05 6.675476792963742628e+04 4.581333672888037836e+04
2.696895213375026360e+05 2.642938312373642111e+05 2.088376386566066358e+05 2.069562831222271197e+05 1.294164038184697129e+05 1.036959611528812238e+05 6.578604089721974742e+04 5.439300457131228904e+04
2.634473067624391406e+05 2.483003627119254670e+05 2.194590785554325266e+05 1.909484027745709463e+05 1.135337348072287859e+05 1.011011564195926039e+05 6.320746801023387525e+04 4.548683644900134095e+04
3.343853720276211388e+05 2.978131093005677685e+05 2.613502320814415580e+05 2.268252765901319799e+05 1.445893131534075073e+05 1.096339708800514782e+05 6.826385027961280139e+04 5.286732341291800549e+04
3.028760920187113807e+05 2.661328796742795384e+05 2.401197418028744578e+05 2.065090880960348877e+05 1.239763913282915310e+05 1.029419783281996206e+05 6.104365070925266627e+04 4.336333652481882018e+04
2.453908597790694039e+05 2.415637810390111408e+05 2.131246413888539246e+05 1.949181659522631089e+05 1.222073092615908536e+05 1.170168992404595920e+05 6.373215792998127290e+04 4.762901570713524416e+04
2.952461789772295160e+05 2.854094606308207731e+05 2.085312016633326712e+05 2.275698055709477630e+05 1.451728773035294435e+05 1.150383588373634557e+05 5.986272849551998661e+04 4.841571747333329404e+04
