4.739786366390925210e+00 4.150064207533231020e+00 3.252872434304526994e+00 3.093527927457692783e+00 1.742844488748930054e+00 1.461423378505501969e+00 9.869530523197724836e-01 8.284114913158878712e-01
4.209698090271231763e+00 3.024524701654339953e+00 2.796265890977268409e+00 2.328353841204424235e+00 1.796034080505425345e+00 1.536790999175754457e+00 1.020697702790239525e+00 8.518111837538081543e-01
4.630646702744523502e+00 4.376828004758643864e+00 3.898876490770200931e+00 3.185025580785344701e+00 1.867411974192377144e+00 1.467574626118977488e+00 9.408165833942496725e-01 7.785604187793234710e-01
4.372152064498041391e+00 3.954448979778422579e+00 3.234062475702373707e+00 2.882555083262368978e+00 1.771504463096028381e+00 1.539514175000699758e+00 9.845175488702282429e-01 8.168364699696507580e-01
4.687435660347865962e+00 5.025809339392352193e+00 3.567114149575589366e+00 3.046995962345039999e+00 2.075630571298212601e+00 1.582845012181087752e+00 1.018031960007216075e+00 8.374339970545485734e-01
3.858939110068824618e+00 3.402238549680146829e+00 3.526602283386451653e+00 2.952352725959481727e+00 1.929472287325565194e+00 1.486840538622811847e+00 9.907177496153514173e-01 8.247494354750524170e-01
4.235594327961498706e+00 3.807493815368925283e+00 3.189980690505169303e+00 3.191047683261707846e+00 2.254553030054597951e+00 1.740517847414537300e+00 9.851634502381417802e-01 8.441940291910728922e-01
4.458828407259645132e+00 4.281650034986791198e+00 2.907045034526019922e+00 2.606608363326408551e+00 1.750432462445445259e+00 1.469751409770903239e+00 9.895146432948868087e-01 8.215904658729750176e-01
3.280326797797900706e+00 3.378389395352280999e+00 2.563692125911105624e+00 2.298413497709430153e+00 1.547121147593037982e+00 1.411949297748582133e+00 9.793979737804813235e-01 8.222516076636495752e-01
5.310032114644488210e+00 4.006601833355056819e+00 3.800737621322900495e+00 3.172629837907692263e+00 1.790131992648670733e+00 1.526284102293223865e+00 1.029041072621546427e+00 8.226978305934532498e-01
4.281215764731379991e+00 3.949647968666707420e+00 3.383344863970402461e+00 3.383825969244883325e+00 2.246358306731407684e+00 1.703190568384748804e+00 1.074842160109582112e+00 8.375501567070182674e-01
4.948408665501405679e+00 5.001981864296904057e+00 3.911246185689170929e+00 2.842243785172716031e+00 1.762654544961553160e+00 1.558946426439092203e+00 9.827992939602298028e-01 8.347470369688468894e-01
3.992814705033408629e+00 3.477800784842473902e+00 2.819712792262500933e+00 2.876234415422170621e+00 1.805338235147672998e+00 1.592998377721867920e+00 1.034479044581681162e+00 8.446253495570490433e-01
3.719471234706574592e+00 3.444766978282778336e+00 2.844696362635703579e+00 2.669674777961180023e+00 1.734867442295586759e+00 1.533609540830138451e+00 1.021294644410563501e+00 8.365431413174453379e-01
4.447604858653742887e+00 3.598291791924494554e+00 3.354775924169248746e+00 2.726217628180389596e+00 1.849052283670434393e+00 1.603640594327111035e+00 9.797741871422164239e-01 8.161430180395801148e-01
3.681521073366027519e+00 3.824434415746680305e+00 2.863039046791388653e+00 2.414827521943472277e+00 1.606798545355856200e+00 1.346279446016091175e+00 9.588175224459428714e-01 8.171343666196784206e-01
4.370344803721127214e+00 3.750700805384722614e+00 3.378800204627843584e+00 3.146324547532473925e+00 2.246865251111065387e+00 1.715360376878790172e+00 9.828994100669898870e-01 8.282969743735262291e-01
3.691347786431318223e+00 3.733805430035927131e+00 2.877916550394513884e+00 2.422168075036036150e+00 1.781496906413967851e+00 1.539838583681124362e+00 1.013377228955836262e+00 8.448200397399134864e-01
5.091813362190145575e+00 3.929046838888150095e+00 2.951124927989769109e+00 2.816104545696120010e+00 1.786574047901433593e+00 1.572477639233215818e+00 9.931330377796068198e-01 8.114785003039168831e-01
4.769707326627581345e+00 3.802364077213055804e+00 3.298417141021623866e+00 3.015619642219641960e+00 1.901271187750332325e+00 1.591569579460314632e+00 9.835412277097344003e-01 8.220949341932396459e-01
4.733065425072056520e+00 4.732408263010992933e+00 3.192897910046665899e+00 3.318912975310317481e+00 1.665860200491671161e+00 1.367967675112061077e+00 9.638223762383851811e-01 8.421529558993622322e-01
4.264999876465935813e+00 4.522066836712847149e+00 3.368439425185694169e+00 3.468854029720550347e+00 2.305811104715450810e+00 1.781138412703912488e+00 1.009286867994714898e+00 8.559127200632731247e-01
4.428612589993552007e+00 3.832311383142060990e+00 3.396089433940766344e+00 3.031837938307273994e+00 1.756191282248142915e+00 1.553079896706430318e+00 9.422472864856793473e-01 7.980719922339623018e-01
3.714359000262870136e+00 4.623579274255950722e+00 3.756131542373401189e+00 3.531550745446519368e+00 1.747880525643530358e+00 1.532054911019765209e+00 1.023142584322266346e+00 8.105087538575606043e-01
4.394186431629480971e+00 3.696537568970380772e+00 3.470230550163749594e+00 3.081831332741701068e+00 1.930302079975178886e+00 1.546760262406561282e+00 9.610177735209625149e-01 8.022886572292443619e-01
5.398108693959446924e+00 4.250949581765181229e+00 3.527431967348908515e+00 2.938755099290570438e+00 1.739125647486031712e+00 1.488735049668357791e+00 9.934932767787593155e-01 8.083082202025696494e-01
4.901395854044602984e+00 4.075506808962116700e+00 3.123087319007783247e+00 3.014323837030325581e+00 2.144023933069651111e+00 1.665156445660304074e+00 1.020554123409512570e+00 8.556246138229831599e-01
4.357085298170759735e+00 4.012821846171859441e+00 3.322613771228902113e+00 3.021084671735207561e+00 1.716108959082724983e+00 1.410001061871910322e+00 9.849652428799099413e-01 8.232898894866301776e-01
4.384803758407316288e+00 3.396598427300843603e+00 3.040937886743749541e+00 3.014155754394051367e+00 1.814880809297854558e+00 1.515601899811464870e+00 9.860422349794362162e-01 8.223483466754979432e-01
5.009331843983113153e+00 3.973766386582087140e+00 3.637895442706520654e+00 2.855870915356404360e+00 1.897706569989898728e+00 1.564789425375824328e+00 9.632068981050782019e-01 8.026803101811118557e-01
