6.593111412121321901e-01 6.423664118488835451e-01 6.907371808046404160e-01 6.892526290331677519e-01 8.137867350089427187e-01 8.554048486435900100e-01 9.203743020551434784e-01 9.322832176823212524e-01
6.494765831793497535e-01 6.971237167899650977e-01 6.945541899633593808e-01 7.460623052899942875e-01 8.406472760434640090e-01 8.541707492636986254e-01 9.054561340283546755e-01 9.292099182970766647e-01
6.518836027289751645e-01 6.624762094126126488e-01 6.912132315336767530e-01 7.025390328140429519e-01 8.137121728465634973e-01 8.631057817221373663e-01 9.207910854243399612e-01 9.399191478500765751e-01
6.346626109948599881e-01 6.438547873209911065e-01 6.835916402433021011e-01 7.197953937790302348e-01 8.069126771926772301e-01 8.604368386790260947e-01 9.180284617156753146e-01 9.389746937932735849e-01
6.609754069134419208e-01 6.561068800801447276e-01 6.845542568781205484e-01 7.133247363797393659e-01 8.194955200567437537e-01 8.635646257983169427e-01 9.132603070240424836e-01 9.345420688323470282e-01
6.517631561589779521e-01 6.753907583067506604e-01 6.945236003582807571e-01 7.437279360524305938e-01 8.355827845526317965e-01 8.709262054455232382e-01 9.160353577597702968e-01 9.349378218480518532e-01
6.604276617975025632e-01 6.497853470056121905e-01 7.000211259460074054e-01 7.277515588749525755e-01 7.946156559510643147e-01 8.322867546054084631e-01 9.115539806157496594e-01 9.326024966853294629e-01
6.477788600974851985e-01 6.566833029508454267e-01 6.876189529369366449e-01 7.322778645014325072e-01 8.202535687075986903e-01 8.637730174829152396e-01 9.126915315546115792e-01 9.332563494938854731e-01
6.779708003101021507e-01 6.607794422559069014e-01 6.925448352797562990e-01 7.443502433307491728e-01 8.472450714888629664e-01 8.759170906991350369e-01 9.254177631924841441e-01 9.426186804982664702e-01
6.425585528057837781e-01 6.780090373164504580e-01 6.761621899098275712e-01 7.454973535211981694e-01 8.036634875782304732e-01 8.353810843441444867e-01 9.023780550173166048e-01 9.355572613508943425e-01
6.315004105698556192e-01 6.479079099939107911e-01 6.762357961470480960e-01 6.737838481149633907e-01 7.818387602797801650e-01 8.336632868339471925e-01 9.072905544079142848e-01 9.317995195520152318e-01
6.448680679892210277e-01 6.587222913143684355e-01 7.186989476219928230e-01 7.236888769504458141e-01 8.037084160606897676e-01 8.516126935389974895e-01 9.170562858292699016e-01 9.313406754758356554e-01
7.140512395003570933e-01 6.890069562673799552e-01 7.364179763637945797e-01 7.479148882475693538e-01 8.204524011406099104e-01 8.486617525740675072e-01 9.114402255218634341e-01 9.336884276656212123e-01
6.714590381289867738e-01 6.746307978055782195e-01 7.062164768995905506e-01 7.164248016694276799e-01 8.160092610029375804e-01 8.596156989676964066e-01 9.140766671095786888e-01 9.326913977250893550e-01
6.520413303801618765e-01 6.707793753411458448e-01 7.215820179006545709e-01 7.576595893154333128e-01 8.135802551746618150e-01 8.561389991654773102e-01 9.180026517363902849e-01 9.340602825523584007e-01
6.623567187677742440e-01 6.771812061290097828e-01 7.114970074762906327e-01 7.331123871649840584e-01 8.292144111453225719e-01 8.684876403656605071e-01 9.230575839756354206e-01 9.379346472205998264e-01
5.938197526639243939e-01 6.162658313155346956e-01 6.865139034534708529e-01 7.036125367672714237e-01 7.895091037532488976e-01 8.406654386214794661e-01 9.194030820938966508e-01 9.361059623919923967e-01
6.994494827011004112e-01 6.809991712128874441e-01 7.279427439066941119e-01 7.608055390127396178e-01 8.228221396090457107e-01 8.518010107952628251e-01 9.051120009712199099e-01 9.291210172573168835e-01
5.916650973561977667e-01 6.510414326641538185e-01 6.803175965747290110e-01 6.931776577348206514e-01 8.052799570216048197e-01 8.549048997855860366e-01 9.165305269919807873e-01 9.364825969045231790e-01
6.509362808966960845e-01 6.731385986328358717e-01 6.874019579259100787e-01 7.180881114455787140e-01 8.194008834660316820e-01 8.642050956546509788e-01 9.223377723311286802e-01 9.371125515841113307e-01
6.847100726789898673e-01 6.388801527950773718e-01 6.849003017855725961e-01 6.893128523181663025e-01 8.336001957734725520e-01 8.626584087478622598e-01 9.161185232485777874e-01 9.326741910722325946e-01
6.607153952702734534e-01 6.698253620327557778e-01 6.892784390124527816e-01 7.071284295009975240e-01 7.765935989339523005e-01 8.381676061817767698e-01 9.154369486104193543e-01 9.335746725717349870e-01
6.389078746246799057e-01 6.208714787301872207e-01 6.999303130559302311e-01 6.872920265326587508e-01 8.005165819557654716e-01 8.546410644417826719e-01 9.210243311630645913e-01 9.387710817344688818e-01
6.684153724236622240e-01 6.623270850878543170e-01 7.102791588240973120e-01 6.984753949643774940e-01 8.201063562331577517e-01 8.488204361504129158e-01 9.122326874784318917e-01 9.371861578213318555e-01
6.731309512315661880e-01 6.467110916952090172e-01 6.903165737348091469e-01 7.110897833586812267e-01 8.003837083587052037e-01 8.487735958176362283e-01 9.173382837510886123e-01 9.325690393047747495e-01
6.587586164703993497e-01 6.669030988225870260e-01 6.954613629389727603e-01 7.319098333153301050e-01 8.317179791359774477e-01 8.566963035330037446e-01 9.171365835426013025e-01 9.380292838113118981e-01
5.934029692947280221e-01 6.294891440359351442e-01 6.603808214647258756e-01 6.771907653805968597e-01 7.867981000031545324e-01 8.392401542098466560e-01 9.133807535940395850e-01 9.310739723565563120e-01
6.347199665043824490e-01 6.384585898000874060e-01 6.816912610277916507e-01 7.202054856721157305e-01 8.010557237452765600e-01 8.566360802480051939e-01 9.216552417678115505e-01 9.394822900525472420e-01
6.659662921670536084e-01 6.850733242392986755e-01 7.150473135157302540e-01 7.336897659608433431e-01 8.194649304516651300e-01 8.455387450805701421e-01 9.170342995506195471e-01 9.365667183184893663e-01
6.313321677419231337e-01 6.292855319771304412e-01 6.872920265326587508e-01 6.905402602219467001e-01 7.850248588337521705e-01 8.396024498449967677e-01 9.235192958272910868e-01 9.353316630134393961e-01
