2.975285242505347760e-01 3.699544406620967063e-01 6.718779910139335287e-01 8.645650223366686538e-01 3.008204799748701141e+00 4.546943208760612976e+00 7.180592380110589090e+00 8.399476066312578482e+00
2.126732440835511773e-01 3.364460016586417468e-01 4.886885117687644886e-01 7.744489335668728325e-01 2.401436535515737880e+00 3.339155687008656503e+00 5.588738669444964557e+00 6.829722408353595675e+00
2.234897093225055864e-01 3.489954123465643931e-01 5.670493799345913688e-01 8.177211730622699903e-01 2.554629611201033601e+00 4.065800916154750588e+00 6.161385661206963960e+00 7.360989382158767746e+00
3.726628280944426774e-01 3.677770848266337933e-01 7.616791297427525365e-01 1.031132614738065501e+00 2.895594771473749773e+00 4.242399059735568301e+00 6.779809901083757140e+00 8.042978779188636906e+00
3.268074611854254186e-01 3.745410964110226226e-01 5.679932324899745755e-01 8.517002523369391342e-01 2.521127501822039374e+00 3.794560291347777170e+00 6.627397693850523908e+00 7.918291537762907062e+00
5.639651331462383066e-01 6.069649411842450437e-01 7.976242122183706540e-01 1.207907670270943035e+00 2.873040331028896333e+00 3.926666343419301430e+00 6.254681232567381066e+00 7.483437409736119150e+00
3.187171659807958024e-01 4.053413614249964936e-01 7.127569877028613332e-01 1.002386815042809021e+00 2.531277850475517788e+00 3.726540078059080496e+00 6.668594577270791746e+00 7.832248859073786207e+00
4.586379986981303780e-01 4.487432439049374167e-01 7.805098234575984506e-01 1.064793872332462810e+00 2.860000525726305032e+00 4.164584121948706752e+00 6.491828342542576458e+00 7.653887476310858418e+00
3.595061551494057595e-01 3.599239625620691552e-01 5.317761136840029046e-01 7.291697459779401536e-01 2.098279738453639798e+00 3.093737052678828370e+00 5.332638281970962346e+00 6.409503846032464480e+00
2.963368885357999805e-01 3.115495193347207481e-01 5.996261900978723247e-01 8.539688738140697177e-01 2.533643647150897849e+00 3.772060162486817081e+00 6.332419617705316028e+00 7.722955046579317084e+00
4.605297751443573895e-01 4.669524879620453595e-01 7.180399084512082419e-01 9.810686273106351551e-01 2.528327413658463030e+00 4.198012461418957564e+00 7.129199215941699919e+00 8.568245415150212096e+00
3.341913420783860222e-01 4.008377321244451785e-01 6.697205567657081859e-01 9.861658586115138458e-01 2.840982969180553486e+00 3.982478990954546383e+00 6.599408388134603065e+00 7.809300519641459104e+00
3.028809710617471618e-01 3.435302762401395982e-01 4.604770477302874698e-01 8.170784092593155190e-01 2.472737283383604989e+00 3.707774182375715544e+00 6.055479970463990114e+00 7.255603891665934668e+00
4.966767863718422049e-01 4.202360466483207047e-01 7.623762187936209411e-01 1.035440057999063468e+00 2.781543015610583591e+00 4.074945311182750274e+00 6.627859637648603197e+00 7.649722785838998007e+00
4.020889471840196627e-01 4.350284612392688599e-01 7.364176352801562464e-01 1.009473047996475525e+00 3.056642718576471296e+00 4.326580002353791699e+00 6.787486566550253286e+00 7.808135262451317615e+00
2.957357971034546562e-01 3.926173689557235780e-01 6.067737903340687522e-01 9.108451872360694423e-01 2.472111549924667528e+00 3.443178513963367493e+00 5.955875463346401055e+00 7.125707607933610355e+00
5.344541210117118579e-01 5.987732271980906740e-01 8.514292625313006901e-01 1.151979281745957318e+00 2.969904973524920333e+00 4.262375683688799377e+00 7.204006402234189643e+00 8.458050225457895976e+00
3.550579743466143468e-01 3.384474919936427129e-01 6.383153381740888088e-01 8.370138035495761075e-01 2.565080497733509546e+00 3.406662254911373200e+00 5.745939560597205897e+00 7.239745173092240194e+00
2.899140569752334806e-01 4.921546975760541787e-01 7.627333989921778468e-01 9.816839229860497840e-01 2.532494934889403471e+00 3.666439600780014185e+00 6.247533398910265490e+00 7.308388090281201066e+00
3.334936329693286572e-01 3.919812281163640444e-01 5.589450125286805626e-01 8.994735779622959893e-01 2.731138404572326817e+00 3.847480674672950407e+00 6.612561421325978905e+00 7.868204728787134172e+00
3.066437514170623491e-01 3.439656149581195033e-01 5.952374047367875454e-01 7.681068694202832781e-01 2.334202514515048676e+00 3.528292143840586093e+00 6.014384148708521671e+00 7.081112592027076325e+00
3.129323906179115600e-01 3.974706849180104640e-01 6.664420829826273041e-01 8.706197014268763912e-01 2.503383643229977640e+00 3.961293558617545951e+00 6.911952231184733897e+00 8.048382060575717034e+00
3.233475514722283783e-01 4.712941160020046039e-01 7.169441290022600111e-01 9.127331530093362177e-01 2.547800613066913744e+00 3.739903414669147441e+00 6.375446997342304911e+00 7.615237130127565202e+00
2.831031257432116699e-01 3.048339191747485022e-01 5.946131613389571413e-01 7.825162882063863012e-01 2.842608887010920071e+00 4.169817220169539596e+00 6.926737541994498315e+00 8.339850836855562832e+00
4.142743459508114734e-01 4.185453360323768135e-01 6.621884714705211783e-01 8.878868960223059714e-01 2.622612787596630746e+00 4.131004653712260222e+00 6.710625753567549978e+00 8.004116547243716795e+00
3.863450424077032319e-01 4.488166950088200435e-01 7.208057434803732955e-01 1.018888865847590308e+00 2.744353869332046614e+00 4.004475914004470560e+00 6.445380504179786030e+00 7.631757700084303764e+00
2.411540587042799166e-01 2.819390346840179307e-01 6.723574532457214925e-01 8.697549090160457963e-01 2.875937550257499975e+00 4.411224232869544792e+00 7.030059400759467003e+00 8.124530745064033610e+00
2.313592681438826903e-01 3.482269884919655945e-01 7.321960772979186904e-01 8.657178208129115982e-01 2.912298576685616869e+00 4.318034370504702402e+00 6.720246686903799116e+00 7.885130221217194091e+00
3.373711383271741360e-01 4.003413796276461545e-01 6.187272734910124194e-01 9.173687993594932255e-01 2.788089573467115390e+00 4.013282262743901541e+00 6.296038676325614425e+00 7.421964569624646124e+00
2.511648858052266675e-01 2.740923466209720383e-01 5.235144715983454100e-01 7.923614814649897475e-01 2.735302170063647509e+00 4.256096397948990528e+00 7.197423149258867170e+00 8.237689336625360070e+00
