2.816808962255033973e-12
2.456838568985807505e-12
2.681875998811504222e-12
3.057735691708828030e-12
2.663398164802531845e-12
2.526136404549204906e-12
2.994746796399871784e-12
2.900556528953769772e-12
2.914201684668334992e-12
2.875060005878577601e-12
3.070729415983000123e-12
2.992040986072284654e-12
3.010328008122196107e-12
2.588718973494682054e-12
2.671903612261068012e-12
2.995656198077098313e-12
2.919256424931842599e-12
2.821646570704710623e-12
2.665545596611728837e-12
2.784448542525996535e-12
2.722518230348640496e-12
2.725076778069116835e-12
3.142015236179537471e-12
2.990088584446225911e-12
2.555136266482152703e-12
3.127293725629226584e-12
2.952233689310817047e-12
2.592326483005389856e-12
2.850444306859521021e-12
3.012236718941802525e-12
