9.298897207629567285e-01
9.488676855892372863e-01
9.824360319991126689e-01
1.005665348196952413e+00
9.112835754778215724e-01
8.546053055025100154e-01
8.692575353771616609e-01
9.300004922334803581e-01
9.258236289331689406e-01
9.298577480287262276e-01
9.359815672844202794e-01
9.591026281323457026e-01
9.696191553759149206e-01
9.264616261258495911e-01
9.572515270827849365e-01
1.043869605476457574e+00
9.785312191588115827e-01
9.461430069995385717e-01
9.273852451009721998e-01
9.584856190200935488e-01
8.842682838965737480e-01
9.314034280604537308e-01
9.355918977978041617e-01
9.878597912284696747e-01
8.883150048441266211e-01
9.860441417423581045e-01
9.107680376530538080e-01
9.367535951064362987e-01
9.224684152184824404e-01
9.169204469021330350e-01
