6.349795497966839730e-02
6.182732741509382873e-02
4.464193107002963068e-02
5.111954280230277675e-02
6.345997975947782754e-02
6.554305930930942603e-02
6.261606888704841778e-02
5.863222797428961630e-02
4.788645152352819651e-02
5.946310824586215765e-02
5.415100379445327711e-02
6.406523156310570122e-02
5.815317931908611099e-02
3.740172453639865890e-02
5.462634540195543398e-02
3.725427394329263592e-02
4.626130539060255981e-02
5.435075039070889208e-02
5.624887748687457806e-02
5.327785901128700985e-02
6.319378315746861097e-02
5.130845644310815662e-02
5.249113445229813824e-02
4.706429198017590687e-02
6.754975590226107440e-02
5.595352449304286796e-02
6.418575271505248814e-02
5.338234125975724331e-02
6.406624684867723296e-02
6.063699292504809435e-02
