8.271774483489797376e+02 6.701488364386659669e+02 5.383950918889670447e+02 4.586635471256354322e+02 1.123734996541654709e+02 9.483591507198084969e+01 4.601446003237518312e+01 1.859960951919943639e+01
7.218801720050091717e+02 5.273400580313722230e+02 5.110363014386684313e+02 4.266710680780114444e+02 1.068074648013040076e+02 9.961290912267905640e+01 4.573356590332844718e+01 1.838585827021231367e+01
7.728294013340500896e+02 6.488494208329434514e+02 5.181926334920606223e+02 4.895510347544000638e+02 1.259135998414616040e+02 9.712013604841092729e+01 4.649888470655407247e+01 2.085836128585904703e+01
7.557677946230223824e+02 4.568934806479306872e+02 5.457628184698173754e+02 3.995769672137461157e+02 1.102268680743544849e+02 9.541058249961461968e+01 4.662289760659920290e+01 2.059513010049644777e+01
8.873244460126827562e+02 6.239386025447001884e+02 5.274675667039761038e+02 4.333012828725275085e+02 1.136238597425863617e+02 9.543711227028541089e+01 4.686362055388239867e+01 2.084732332222463924e+01
7.402254608538573848e+02 6.147289468894020956e+02 5.205941911627804757e+02 4.293367395485598763e+02 1.193459450662501240e+02 1.005593135530200186e+02 4.741168286901748985e+01 2.134268353238338989e+01
7.957630941495267507e+02 6.736585889381417473e+02 5.480378705626494593e+02 4.231494543004338311e+02 1.176456660603447233e+02 9.359111545680565314e+01 4.587739012091797974e+01 1.991209938137725644e+01
6.877482383261030918e+02 6.021359033407687775e+02 5.155113015603816393e+02 4.339925455766388041e+02 1.193452387186305259e+02 9.945928295046417134e+01 4.601535086223222493e+01 2.100728897882310520e+01
8.063709546996013842e+02 6.808244937601604079e+02 4.582168379817006780e+02 4.656969248480456827e+02 1.411205335055630030e+02 8.671396669663531043e+01 4.657245335599102987e+01 2.040683767378192215e+01
7.419533322624361062e+02 6.694412516263853377e+02 5.196084506915930206e+02 3.844106079504752529e+02 1.114792778510887388e+02 1.015269085743900632e+02 4.653337184759270428e+01 2.204526619988476455e+01
6.995138410748488695e+02 6.144251567487277725e+02 4.765659386130746498e+02 4.129282289406527298e+02 1.200462910008037767e+02 1.006620437936728081e+02 4.649868627697711077e+01 2.016186011058405114e+01
6.882504232492656229e+02 5.470282341391205136e+02 5.093131039766252570e+02 4.169044002464151504e+02 1.257904237558153682e+02 1.011298150476908688e+02 4.724175951423957542e+01 2.103472525651229574e+01
8.313980827460825367e+02 6.018113549644726845e+02 4.928689640930695646e+02 4.188170210755242238e+02 1.262193973850294810e+02 9.688572906590530920e+01 4.631435817876095484e+01 2.240108600034265152e+01
6.902132762238143187e+02 6.184119623792898892e+02 4.997258866341360886e+02 4.721288458998602664e+02 1.097311325518497256e+02 9.709638787067184751e+01 4.607839712868777582e+01 1.986994417811081703e+01
6.607253868493785376e+02 7.020399470931981796e+02 5.936521139793844668e+02 4.780462154287927206e+02 1.068404004488813541e+02 9.515464519161650969e+01 4.642558290606563531e+01 2.072269621646010052e+01
8.629748189401186664e+02 5.899146958759151858e+02 5.203797154363646769e+02 4.409055578896230827e+02 1.093813765730381959e+02 1.023652956838715227e+02 4.690299754830989798e+01 2.023229814829865703e+01
8.883782671808122586e+02 5.756010938226511371e+02 5.002974799549167528e+02 3.494524423918276170e+02 1.129143570648560342e+02 9.995586765694426390e+01 4.691536891109332430e+01 2.223716862288163654e+01
6.489560321476297986e+02 6.008174541539594884e+02 5.472447881419391251e+02 4.788964843030585143e+02 1.259178562755969324e+02 9.541159567365460248e+01 4.644044791782658166e+01 1.868741888623285519e+01
6.355494883286513641e+02 6.906449533825635854e+02 5.126460748731085459e+02 4.480360370607054392e+02 1.078645896657940568e+02 9.616428709928487706e+01 4.598156532379039163e+01 1.931902215843919990e+01
8.729212319248498488e+02 7.266299182071264795e+02 5.160734400863010478e+02 4.345730755447764295e+02 1.157646746904657675e+02 8.963141237641463022e+01 4.658141617868585627e+01 2.107017945772170719e+01
7.455669179459159750e+02 6.672040762417595943e+02 5.584988134007487588e+02 4.084523281012100711e+02 1.111162204651452328e+02 9.713056767870932617e+01 4.668777311035997712e+01 2.090389671257868187e+01
7.141740834739616730e+02 5.141602945432672414e+02 5.017256634792120735e+02 4.020035813696404148e+02 1.281210632735588320e+02 1.000728225395242816e+02 4.683849139445394627e+01 2.022538763126701511e+01
6.337094232650879349e+02 5.661134898507342541e+02 5.039919347791636710e+02 4.748171825464453946e+02 1.287393736639204462e+02 9.364341154989037364e+01 4.683605342077675715e+01 2.149640755617586763e+01
7.973620964816220749e+02 5.645851239928550740e+02 5.715381540086198129e+02 4.554227802651095658e+02 1.076632231674028191e+02 1.006420486973548236e+02 4.706454439757909824e+01 1.991648852965183991e+01
7.582960944587996437e+02 6.611025831601843947e+02 5.089514057807489280e+02 4.279138405264779408e+02 1.292061050646223066e+02 1.005194461093836082e+02 4.630342614401112655e+01 1.986338842252691705e+01
6.908604867947719868e+02 5.200876085132906610e+02 4.865837495985782084e+02 4.603414155901261893e+02 1.148843297070345670e+02 9.791698849571027097e+01 4.586322943058934953e+01 1.972378429636026098e+01
8.311818944681770063e+02 6.514707296371914254e+02 5.138796637884887559e+02 4.837738842347440027e+02 1.270254211381259921e+02 1.032614385333974241e+02 4.692771879018266645e+01 1.986782794063661584e+01
8.958256264490153171e+02 5.523438181951024717e+02 5.199667279358159249e+02 4.291357015759074898e+02 1.311091275170813901e+02 1.006268415938978080e+02 4.670413059283194457e+01 2.222256695716884423e+01
8.393302093110144142e+02 6.738916048899018278e+02 5.236571548202380200e+02 4.550901674814043076e+02 1.157797831857198076e+02 9.100400909670869964e+01 4.644057068059461812e+01 2.018258930789200534e+01
6.201133211625020749e+02 6.087369686532642845e+02 5.648706366182150305e+02 4.504045760936814986e+02 9.950885523878153549e+01 1.004391004793503441e+02 4.713118003237655529e+01 2.289159196089140025e+01
