4.815693793762100228e+01 3.795538089360312028e+01 3.721402933365346399e+01 3.113265818326499712e+01 7.933776254508619452e+00 4.145287619643942101e+00 2.063372546764379312e+00 1.190541009125551275e+00
5.086284425791692598e+01 4.456621446968077294e+01 4.115354874153893405e+01 3.307750691234407725e+01 6.968891453339090880e+00 3.986349415138854546e+00 2.054049896095039962e+00 1.180568258782279223e+00
5.936484826189398945e+01 4.220343499146445509e+01 3.603235324606272627e+01 3.230865985997667877e+01 8.074145634153667928e+00 4.049115836706529414e+00 2.076444122484255583e+00 1.231327138917309494e+00
5.189320030920144688e+01 4.217268175421073551e+01 3.623344691070847290e+01 3.326915778472352514e+01 7.516206742338092717e+00 4.131426502329318851e+00 2.078310942078166246e+00 1.228832768538866027e+00
5.423161081739258549e+01 4.323476567763126610e+01 3.086419225915771136e+01 3.200450814198059390e+01 7.300689459322926567e+00 4.192406257542714343e+00 2.097068124106065135e+00 1.243885116731934914e+00
5.779562665965224966e+01 4.306267761564735963e+01 3.811012115021288338e+01 3.447317774336037388e+01 7.643445726004676644e+00 4.122501988276400908e+00 2.100521995167008438e+00 1.251063892193527538e+00
5.823146790062067879e+01 4.933400083118658586e+01 4.089583762774491760e+01 3.650477681492258597e+01 9.094162861478389814e+00 4.017112671528546564e+00 2.071277608965326866e+00 1.219721174182238910e+00
5.552538412656133460e+01 4.016955769145907595e+01 4.082272044500566466e+01 3.143814912714965715e+01 8.272641750752535827e+00 4.147967527560258993e+00 2.070141455396134145e+00 1.231477180135215344e+00
5.111620480416844714e+01 4.639585150684656867e+01 4.069822302347078846e+01 3.680538148367232765e+01 1.058139609367812639e+01 3.880204520045228200e+00 2.079900389937431093e+00 1.231862458174375785e+00
6.056049136737848215e+01 4.920689961250398170e+01 3.951143537528824368e+01 3.641009093090330140e+01 7.419078717813588852e+00 4.198415728831498051e+00 2.098119143497049865e+00 1.268738701632438737e+00
5.016828145762415403e+01 4.064729324550171441e+01 3.518138241159977753e+01 3.278902466959417694e+01 8.667204363596981764e+00 4.125968835185489070e+00 2.079807353525084057e+00 1.221511137524179169e+00
5.492743626347234454e+01 4.516456735266024936e+01 4.030725942924630800e+01 3.470511305786469336e+01 8.448671450933806781e+00 4.048451056934029957e+00 2.088131172399766644e+00 1.240915951538614781e+00
5.556532168785602011e+01 4.551671254652362109e+01 3.596370123562752497e+01 3.340211262471962073e+01 1.020878358173317224e+01 4.081089219539446589e+00 2.092081700910476183e+00 1.264121503573636618e+00
5.312041068760107265e+01 4.123959270922715348e+01 3.681127922211260284e+01 3.466838117379277406e+01 7.863826280963142956e+00 4.042405798750492885e+00 2.062469080760723106e+00 1.208556533849112880e+00
5.005815712816472285e+01 4.746503421959991442e+01 3.903508319625050405e+01 3.356905153926411600e+01 7.330324459861176756e+00 4.072601376288379704e+00 2.063685025046444022e+00 1.226075378279601225e+00
4.893164840885671651e+01 4.897378551954440695e+01 4.067206014484033005e+01 3.421801343191918221e+01 6.111779036357900985e+00 4.038146336874981479e+00 2.079490249382534017e+00 1.226093021191576815e+00
5.307013218896575069e+01 4.514009721281409782e+01 3.943181340637809029e+01 3.142983841813652290e+01 8.171556832201511966e+00 4.178186250750221653e+00 2.101697248650106431e+00 1.274946800041532713e+00
4.847587055535824874e+01 4.645785706167860241e+01 3.970320191192541159e+01 3.446054728041666237e+01 8.591061707770130340e+00 4.101088333283036569e+00 2.060472929322555657e+00 1.183710956350676025e+00
5.728253616881172405e+01 5.160265172380055532e+01 4.121197461295299291e+01 3.573248259196787302e+01 6.991560029126787867e+00 4.032235803535997753e+00 2.079066055554909198e+00 1.216742799023711408e+00
5.650728847176088721e+01 5.183662978614052008e+01 4.227083164348395172e+01 3.370077404098505269e+01 7.441500714410520523e+00 4.227787642019188219e+00 2.092054182090408609e+00 1.248609384402188827e+00
5.708315170149308670e+01 4.879260796688142676e+01 4.186704464128993664e+01 3.761987552839551086e+01 9.936197351373225573e+00 4.153348731152749274e+00 2.084506734784142168e+00 1.237043570053132813e+00
5.022540593199732228e+01 4.567667513383189259e+01 4.315626515880523328e+01 3.277638143085103195e+01 1.067474096989418086e+01 3.939267193704162562e+00 2.076406718182526756e+00 1.218857868571580738e+00
5.103191746242396221e+01 4.341578400635669510e+01 3.847141747808115042e+01 3.318614693141350358e+01 9.724976267161871135e+00 4.234125159803209471e+00 2.111547843869675312e+00 1.263369132215671931e+00
5.705730445081945135e+01 4.306429383587233417e+01 3.987321360201035247e+01 3.525010698875152571e+01 7.410724084208136553e+00 4.032317991584911887e+00 2.074524145288036969e+00 1.215451536341373817e+00
5.761355100585560507e+01 4.510966802162978695e+01 4.099192402956617087e+01 3.400648979263369398e+01 9.913167454472194606e+00 4.003071145099605488e+00 2.076681885766880065e+00 1.221517234366967131e+00
5.453949081707396829e+01 4.382046899369132831e+01 4.105578611061380201e+01 3.523446533151501825e+01 8.359716100464991584e+00 4.103467453126745212e+00 2.058609020712220072e+00 1.211917006437200017e+00
5.092116425362525689e+01 4.971966726414358106e+01 4.190718125881545575e+01 3.572406280349445495e+01 9.307500704095906130e+00 3.989148238192030238e+00 2.080534895789500460e+00 1.224556579176417470e+00
5.000712316443363648e+01 4.448806550092685086e+01 3.971297570551577394e+01 3.395374667218815290e+01 7.725558151649703831e+00 4.074557307648833948e+00 2.105874962729283428e+00 1.287199585445374383e+00
5.538536826865306750e+01 4.448479264812225153e+01 3.964194467308146130e+01 3.596325438917673267e+01 9.543759222601762460e+00 4.121079802520720925e+00 2.070220514236631004e+00 1.221211855353640852e+00
4.682681065159516010e+01 4.046398499389526648e+01 4.013179163098116220e+01 3.433176806552253169e+01 7.524951763373454838e+00 4.194719161718500899e+00 2.108221294363607168e+00 1.284722889427548642e+00
