9.391304347826086307e-02 1.669565217391304479e-01 2.365217391304347827e-01 2.973913043478260687e-01 4.852173913043478226e-01 5.373913043478261153e-01 8.121739130434783016e-01 8.886956521739129977e-01
1.008695652173913077e-01 2.052173913043478237e-01 2.034782608695652195e-01 2.330434782608695743e-01 4.991304347826087118e-01 5.582608695652173658e-01 8.086956521739130377e-01 8.886956521739129977e-01
1.304347826086956486e-01 1.669565217391304479e-01 2.121739130434782683e-01 2.365217391304347827e-01 4.747826086956521974e-01 5.460869565217391086e-01 8.052173913043477738e-01 8.747826086956521641e-01
8.347826086956522396e-02 1.060869565217391342e-01 2.086956521739130321e-01 2.730434782608695543e-01 4.886956521739130310e-01 5.373913043478261153e-01 8.034782608695651973e-01 8.747826086956521641e-01
8.347826086956522396e-02 1.721739130434782605e-01 2.139130434782608725e-01 2.399999999999999911e-01 5.026086956521739202e-01 5.495652173913043725e-01 8.069565217391304612e-01 8.765217391304347405e-01
8.000000000000000167e-02 1.617391304347826075e-01 1.930434782608695665e-01 2.156521739130434767e-01 4.939130434782608714e-01 5.547826086956522129e-01 8.017391304347826209e-01 8.713043478260870112e-01
5.739130434782608453e-02 1.495652173913043503e-01 1.721739130434782605e-01 2.556521739130434567e-01 4.782608695652174058e-01 5.269565217391304346e-01 8.034782608695651973e-01 8.765217391304347405e-01
9.913043478260868957e-02 1.669565217391304479e-01 2.052173913043478237e-01 1.982608695652173791e-01 4.939130434782608714e-01 5.426086956521739557e-01 8.086956521739130377e-01 8.678260869565217472e-01
8.695652173913043237e-02 1.199999999999999956e-01 2.399999999999999911e-01 2.417391304347825953e-01 4.869565217391304546e-01 5.513043478260869490e-01 8.086956521739130377e-01 8.747826086956521641e-01
1.130434782608695649e-01 2.260869565217391297e-01 2.034782608695652195e-01 2.852173913043478115e-01 4.643478260869565166e-01 5.495652173913043725e-01 8.069565217391304612e-01 8.626086956521739069e-01
9.565217391304348116e-02 1.217391304347826136e-01 1.617391304347826075e-01 2.260869565217391297e-01 4.643478260869565166e-01 5.513043478260869490e-01 8.104347826086956141e-01 8.765217391304347405e-01
9.565217391304348116e-02 2.052173913043478237e-01 2.295652173913043381e-01 1.965217391304347749e-01 4.886956521739130310e-01 5.460869565217391086e-01 8.086956521739130377e-01 8.747826086956521641e-01
7.304347826086957096e-02 1.113043478260869606e-01 1.721739130434782605e-01 2.278260869565217339e-01 4.678260869565217250e-01 5.217391304347825942e-01 8.104347826086956141e-01 8.608695652173913304e-01
8.347826086956522396e-02 1.530434782608695587e-01 2.017391304347826153e-01 2.469565217391304357e-01 4.939130434782608714e-01 5.391304347826086918e-01 8.086956521739130377e-01 8.765217391304347405e-01
8.347826086956522396e-02 1.582608695652173991e-01 2.052173913043478237e-01 2.539130434782608803e-01 4.939130434782608714e-01 5.408695652173912682e-01 8.052173913043477738e-01 8.782608695652174280e-01
9.565217391304348116e-02 2.034782608695652195e-01 2.017391304347826153e-01 2.452173913043478315e-01 4.556521739130434678e-01 5.565217391304347894e-01 8.069565217391304612e-01 8.765217391304347405e-01
1.234782608695652178e-01 1.600000000000000033e-01 1.947826086956521707e-01 2.573913043478260887e-01 4.869565217391304546e-01 5.426086956521739557e-01 8.052173913043477738e-01 8.608695652173913304e-01
9.565217391304348116e-02 1.373913043478260931e-01 1.947826086956521707e-01 2.382608695652173869e-01 4.939130434782608714e-01 5.443478260869565322e-01 8.086956521739130377e-01 8.886956521739129977e-01
9.565217391304348116e-02 1.773913043478260732e-01 1.982608695652173791e-01 2.521739130434782483e-01 4.834782608695651906e-01 5.408695652173912682e-01 8.034782608695651973e-01 8.852173913043478448e-01
8.869565217391303658e-02 1.234782608695652178e-01 1.686956521739130521e-01 2.173913043478260809e-01 4.678260869565217250e-01 5.426086956521739557e-01 8.104347826086956141e-01 8.695652173913043237e-01
9.043478260869565466e-02 1.356521739130434889e-01 2.086956521739130321e-01 2.278260869565217339e-01 4.695652173913043570e-01 5.269565217391304346e-01 8.104347826086956141e-01 8.695652173913043237e-01
7.304347826086957096e-02 1.565217391304347949e-01 2.330434782608695743e-01 2.278260869565217339e-01 4.817391304347826142e-01 5.321739130434782750e-01 8.121739130434783016e-01 8.765217391304347405e-01
1.043478260869565161e-01 1.026086956521739119e-01 2.139130434782608725e-01 2.713043478260869779e-01 4.921739130434782394e-01 5.513043478260869490e-01 8.034782608695651973e-01 8.713043478260870112e-01
1.008695652173913077e-01 1.321739130434782528e-01 2.052173913043478237e-01 2.313043478260869701e-01 4.799999999999999822e-01 5.582608695652173658e-01 8.069565217391304612e-01 8.765217391304347405e-01
6.086956521739130682e-02 1.582608695652173991e-01 2.243478260869565255e-01 2.069565217391304279e-01 4.660869565217391486e-01 5.443478260869565322e-01 8.086956521739130377e-01 8.782608695652174280e-01
7.826086956521739746e-02 1.373913043478260931e-01 2.243478260869565255e-01 2.591304347826087207e-01 4.834782608695651906e-01 5.443478260869565322e-01 8.052173913043477738e-01 8.817391304347825809e-01
9.217391304347825887e-02 1.704347826086956563e-01 1.982608695652173791e-01 2.313043478260869701e-01 4.643478260869565166e-01 5.443478260869565322e-01 8.034782608695651973e-01 8.800000000000000044e-01
1.113043478260869606e-01 1.530434782608695587e-01 2.330434782608695743e-01 2.573913043478260887e-01 4.886956521739130310e-01 5.408695652173912682e-01 8.017391304347826209e-01 8.643478260869564833e-01
1.113043478260869606e-01 1.860869565217391219e-01 2.017391304347826153e-01 2.121739130434782683e-01 4.956521739130435034e-01 5.252173913043478581e-01 8.052173913043477738e-01 8.782608695652174280e-01
7.652173913043477937e-02 1.600000000000000033e-01 2.121739130434782683e-01 2.347826086956521785e-01 4.991304347826087118e-01 5.530434782608695254e-01 8.052173913043477738e-01 8.591304347826086429e-01
