4.544219483280735403e+03 4.776174548323289855e+03 5.159064526316290539e+03 5.526906984599763746e+03 7.858593096319678807e+03 8.474003749894967768e+03 9.618305963638016692e+03 1.045396665371575364e+04
4.543148743571146952e+03 4.856327165590508230e+03 5.262826762730024711e+03 5.728158245557358896e+03 8.111088489771748755e+03 8.597945881551191633e+03 9.739639337234899358e+03 1.058764674778651897e+04
4.431085059656442354e+03 4.694371195975601950e+03 5.189800912681051159e+03 5.478888831072575158e+03 7.784506502667819404e+03 8.426407704074956200e+03 9.534001993311119804e+03 1.033595305422044476e+04
4.643917313825407291e+03 4.891331060301516118e+03 5.290284759503598252e+03 5.598938167882648486e+03 7.934175629193469831e+03 8.439339311706635272e+03 9.566105627048638780e+03 1.037486421985291054e+04
4.444307598839435741e+03 4.754651776392880492e+03 5.172076505399781126e+03 5.542387431296812792e+03 7.822315699798255082e+03 8.385301364861947150e+03 9.526364981708587948e+03 1.033266213679872999e+04
4.434704249932805396e+03 4.812877953881128633e+03 5.148043058646931058e+03 5.527291263785358751e+03 7.853807067364391514e+03 8.441152293768740492e+03 9.528192194939168985e+03 1.032889312043956488e+04
4.406191454329031330e+03 4.824534736049282401e+03 5.183572788994991242e+03 5.486023688165831118e+03 7.708919379353817021e+03 8.482574594053299734e+03 9.599459390833342695e+03 1.041227139018749767e+04
4.539714153559925762e+03 4.799358754070588475e+03 5.327045996108936379e+03 5.604322144704410675e+03 7.803819670530978328e+03 8.439098677940388370e+03 9.559980301529531062e+03 1.035624381135687872e+04
4.448922783299895855e+03 4.845051595191699562e+03 5.245686137357093685e+03 5.571793260476506475e+03 7.707586795495590195e+03 8.540489586167643211e+03 9.694240231719293661e+03 1.051236541005702566e+04
4.422325299818545318e+03 4.893000022545912543e+03 5.280968152992858450e+03 5.687165923304292846e+03 7.878717399909470259e+03 8.499614291550624330e+03 9.597982407546884133e+03 1.038441489989167167e+04
4.428950627051054653e+03 4.771985904690214738e+03 5.173505505996900865e+03 5.656566192796112773e+03 7.902211463481001374e+03 8.595947159767327321e+03 9.739299840595003843e+03 1.056959489959995153e+04
4.321325910987647148e+03 4.714948598715589469e+03 5.184403554185316352e+03 5.556927484340690171e+03 7.728134061928436495e+03 8.442791102580600636e+03 9.540601773991345908e+03 1.034410101190021851e+04
4.358250632553308606e+03 4.653769495359311804e+03 5.214834379892784455e+03 5.463402474899327899e+03 7.657784462257141058e+03 8.368349112700401747e+03 9.481781730292173961e+03 1.025271039094912339e+04
4.430504075031272805e+03 4.793659097661605301e+03 5.361487232550010049e+03 5.506517480189507296e+03 7.945653654840358286e+03 8.477783417787215512e+03 9.587443735906379516e+03 1.040353770430479381e+04
4.639981771821515395e+03 4.939083290620330445e+03 5.349719833124578145e+03 5.608533328790731503e+03 8.123590499653035295e+03 8.596981022487458176e+03 9.734383433629505816e+03 1.054575513565248002e+04
4.449507386943306301e+03 4.696782673818116564e+03 5.193240309760265518e+03 5.477683289015820264e+03 8.063738895682957263e+03 8.416974348151850791e+03 9.516477081888395332e+03 1.032430198315622511e+04
4.566690135104794535e+03 4.800014842013587440e+03 5.209834410393297730e+03 5.674590842955714834e+03 7.750985302103230424e+03 8.426970300194690935e+03 9.545425170754628198e+03 1.032507597961781357e+04
4.581482403434824846e+03 4.792713237592189216e+03 5.254642456456341279e+03 5.662038136145999488e+03 7.954590402901693778e+03 8.501167828837209527e+03 9.597728713554255592e+03 1.043550687219364045e+04
4.372642977268025788e+03 4.824791314132453408e+03 5.161615682742305580e+03 5.619074939056363291e+03 7.973084212623507483e+03 8.474786855955873762e+03 9.559010704314696341e+03 1.038496723805756301e+04
4.422606196602980162e+03 4.676923402180411358e+03 5.161189959077610183e+03 5.651610055901392116e+03 7.894832827884395556e+03 8.397647868228687003e+03 9.549910244404478362e+03 1.034819632664637902e+04
4.377293604051155853e+03 4.698743626924077944e+03 5.190317517391946240e+03 5.583968003345997204e+03 7.697069015235479128e+03 8.439209131403416905e+03 9.571413909803372007e+03 1.037524095321958521e+04
4.505435713556135852e+03 4.834314409204380354e+03 5.322926261455571876e+03 5.731165035843680016e+03 7.628001402956250786e+03 8.471096303830994657e+03 9.591997108278648739e+03 1.040694160448160073e+04
4.428473388741617782e+03 4.816953950581929348e+03 5.182448233646879089e+03 5.550075576200793876e+03 7.653366769780229333e+03 8.405277252542544375e+03 9.509349579099720358e+03 1.031297395180422791e+04
4.455960187323705213e+03 4.845566442096041101e+03 5.160290011310145019e+03 5.484122825594834467e+03 7.950757487925406167e+03 8.407850396168343650e+03 9.538243483445590755e+03 1.035378250142718571e+04
4.342118579925868289e+03 4.830073195095606934e+03 5.366754942838987517e+03 5.727373361145087074e+03 7.791948161462154530e+03 8.518209306484275658e+03 9.587148263063339982e+03 1.040301063489752414e+04
4.457244329566254237e+03 4.786601176504270370e+03 5.229588945126100953e+03 5.601518060583674924e+03 7.849528355058361740e+03 8.579355407829676551e+03 9.701600331971350897e+03 1.052325853667287811e+04
4.449708761428265461e+03 4.867095223296035329e+03 5.263163203395986784e+03 5.611024743155252509e+03 7.760765264436347024e+03 8.503783245679076572e+03 9.638733549577258600e+03 1.046043517035271361e+04
4.467711702602684454e+03 4.716209976946447568e+03 5.162926424691851935e+03 5.528595039005766012e+03 7.843965450601929660e+03 8.383228502960007972e+03 9.520528498740319264e+03 1.028898074198356335e+04
4.407933490253733908e+03 4.746895314102673183e+03 5.234732907807952870e+03 5.487627809174655340e+03 7.785092859143030182e+03 8.477237811751714617e+03 9.596365614460613870e+03 1.040960692873765947e+04
4.439029232969896839e+03 4.726301606938135592e+03 5.092727809352378245e+03 5.477248220134029907e+03 7.860261028196391635e+03 8.330516191547236303e+03 9.458935945489882215e+03 1.022286297526401722e+04
