7.213628484167079478e+03 7.784331695459266484e+03 6.179183887028832032e+03 5.830331755692597653e+03 5.706410056590855675e+03 4.687734993131341980e+03 4.384205678598973062e-21 4.591464959628538574e-21
9.542764127565729723e+03 7.068530372201954378e+03 8.622909133024018956e+03 7.883505202631109569e+03 5.903780428007564296e+03 4.487526788197197675e+03 4.155535980538789245e-21 4.076860471702171383e-21
6.362593471640966527e+03 6.656341761832718475e+03 6.856815081082897450e+03 6.170829017125825885e+03 5.374685141345743432e+03 4.960979641895914938e+03 2.879998877487165373e+03 7.488988424957786202e-21
8.085766846753325808e+03 7.111116234329727376e+03 6.885689598584749547e+03 6.442876521725467683e+03 5.031637178029689494e+03 4.124647156712993819e+03 3.996910062668520497e-21 4.049726130430367350e-21
7.341408445973122070e+03 5.721505159780955182e+03 6.754518709983607550e+03 5.753290439617373522e+03 5.046708423909542944e+03 4.699629763089873450e+03 3.400055092895458984e+03 3.447613213935411934e-21
6.949621342107193414e+03 7.667918672572929609e+03 6.470602467818225705e+03 6.148406258534413610e+03 6.198358803691568028e+03 5.782559949966393106e+03 3.533082244146747598e+03 5.655109518907921267e-21
5.907264139973385682e+03 5.802479796240546420e+03 5.401623272794207878e+03 5.873165403007116765e+03 5.208455447825116607e+03 4.861998817071529629e+03 6.965019994003377315e-21 6.390977348601729108e-21
5.508895595362532731e+03 5.575225347790282285e+03 5.803497710274801648e+03 4.932651699977601311e+03 4.251923535969586737e+03 4.094924016065592241e+03 2.717219855024732169e+03 9.677730943992971927e-21
9.276208062022407830e+03 7.677594395453264951e+03 8.169963668448387580e+03 8.480510635785112754e+03 7.077102532476298620e+03 7.118044019277268490e+03 3.751030139998973027e+03 1.309133720996319644e-20
5.586822723079631032e+03 5.849084176480227143e+03 5.222838740289791531e+03 5.373083880432238402e+03 5.264927922092758308e+03 5.015162207952440440e+03 3.395660199309222207e+03 2.980650945394360101e-22
7.285347178308787988e+03 6.729168915697676312e+03 6.259714063909918877e+03 6.415091446932860890e+03 5.909939537378515524e+03 6.264615203074910823e+03 2.703524898251123875e-22 2.788025185617938161e-22
6.012903760943067937e+03 5.291147456667724327e+03 5.514182068802846516e+03 4.788466500598973653e+03 4.610202036557969222e+03 4.476968578849223377e+03 9.003968000287326628e-22 8.761993815961792150e-22
7.624204538698484612e+03 6.998759656901297603e+03 6.107834880194514881e+03 6.137773552486774861e+03 5.969635723447136115e+03 5.613361381074511883e+03 8.450115246323738777e-21 7.956015992249128610e-21
6.589394350073438545e+03 7.133588365208622236e+03 6.566238560794081423e+03 7.576709396243939409e+03 5.785878567864109755e+03 5.259068548464064406e+03 2.627006284980468990e+03 5.584964714035039975e-21
9.236516510429763002e+03 9.044832873074317831e+03 8.222599969441916983e+03 6.819757922479214358e+03 7.540275102730272920e+03 5.974932435382456788e+03 3.395063976028444358e+03 6.019261394761480470e-21
6.322121112101744984e+03 4.535716378195565085e+03 4.864629199225531920e+03 4.908098507081292155e+03 4.502710174687913423e+03 4.456798770856918964e+03 2.720312600433766420e+03 8.474023310576257158e-21
6.754169479434273853e+03 7.798988849038265471e+03 6.663592942268913248e+03 6.760905477151707601e+03 5.762431358740508585e+03 4.600141967138293694e+03 2.983563142015469566e+03 3.305784454522029014e-21
6.665785382449823373e+03 6.176790368254653004e+03 8.037952391350683683e+03 6.062863868422661653e+03 7.282276064101106385e+03 6.443730310934989575e+03 1.800468084493534927e-21 1.789623884997613074e-21
7.599129405850756484e+03 6.758722031099999185e+03 6.973563047371540961e+03 6.933363100235023012e+03 6.090925905679329844e+03 5.094255885297002351e+03 3.296899960704060959e+03 3.506078939417383388e-21
8.499588087350819478e+03 9.661158781174173782e+03 8.576543762360757682e+03 8.307526336062583141e+03 8.090934017709992077e+03 7.936435387782596990e+03 3.651378713082975992e+03 1.364084708900603813e-21
7.528488756011659461e+03 6.525082729876163285e+03 8.246187239370099633e+03 6.817448455274266053e+03 6.646699916054270034e+03 6.511226655949792075e+03 1.197003613240753076e-20 1.083304679501400482e-20
7.015031222812221131e+03 7.875926886893012124e+03 7.870874487525939912e+03 7.307350799019548504e+03 6.373405538720529876e+03 6.370278715975273371e+03 4.337465733073500531e-22 4.357073407298184329e-22
7.494469370555817477e+03 8.003243166246833425e+03 9.679172962446828024e+03 7.222117890064280800e+03 6.629840530929128363e+03 6.020425578648357259e+03 3.326471971383175514e+03 1.120047637530698284e-22
7.467042728117648039e+03 7.291520706059863187e+03 7.250260431271914058e+03 5.104936238996711836e+03 4.394974739330495140e+03 5.336775331833488963e+03 2.693769848891184211e+03 2.650965885548408720e-21
6.161686275322271285e+03 6.580411219436891770e+03 6.146741823235182892e+03 6.293839410254767245e+03 5.264679032038871810e+03 5.489671527477035852e+03 2.947027944160501193e+03 1.091079652193580427e-21
8.153735496795896324e+03 7.258911912676290740e+03 7.548641813009468024e+03 6.831247278680131785e+03 6.451566520763928565e+03 5.492983041341314674e+03 3.154687437821808999e+03 6.552525712135915826e-21
9.119549313967485432e+03 7.331286017352611452e+03 8.264129750917076308e+03 7.570680153124812023e+03 6.892788391205354856e+03 6.363722814381344506e+03 3.845778293414721702e+03 1.287706734100159352e-20
5.598720882977739166e+03 6.350663789576410636e+03 5.882945846503050234e+03 6.647652097222397060e+03 5.964172308982678260e+03 5.303913142874985169e+03 8.836122330540716100e-21 8.094834508935286083e-21
8.743929132814477271e+03 9.314830882321837635e+03 7.377445714884936024e+03 8.039686663688229601e+03 6.309472754333852208e+03 5.642851953682079511e+03 2.049911405818093682e-21 2.099970650840795528e-21
7.170155926456354791e+03 6.610692488870551642e+03 7.812790400298908025e+03 6.979163598044951868e+03 5.951224379909866911e+03 5.501966266537918273e+03 3.038011016717236544e+03 1.363134731044100461e-21
