1.321537236774490331e+01 1.194531622962239759e+01 1.260576300475809575e+01 1.154029386769685317e+01 9.023785228709915174e+00 7.634136126325400618e+00 3.741381726223232096e-59 7.030849671704654308e-60
1.313546324582807046e+01 1.156232529077629856e+01 1.217688982627515770e+01 1.074243563142507263e+01 9.321705104951304222e+00 7.551480801974516766e+00 2.426665133238757772e-59 1.652349753059375017e-59
1.197543326576611378e+01 1.094694674493427833e+01 1.053197196364953392e+01 9.479638859069126511e+00 9.515023021046340901e+00 8.062194493948885210e+00 2.750158861208102934e+00 1.604862504582767994e-57
1.165708584367033396e+01 9.863894868787179249e+00 1.188891792663388536e+01 8.937714057473831630e+00 7.755452695583958445e+00 6.361540587173536210e+00 6.836832162930612124e-59 7.786720998385649585e-59
1.130753515743965032e+01 1.071041425459415208e+01 9.674610715014871687e+00 9.055242722010088841e+00 9.532683235877110306e+00 7.950379449165581036e+00 3.476026300377317746e+00 1.951697299012461095e-59
1.403204788960179528e+01 1.216318033383753416e+01 1.243182514312181830e+01 1.080163950574605458e+01 9.791241742032630313e+00 8.322211393499951981e+00 4.074017585811320785e+00 1.253740499736586759e-59
1.016201591511602409e+01 9.114945340755792103e+00 7.250352908312982514e+00 7.514571009548808966e+00 6.462339152472235781e+00 5.882482164270570024e+00 3.903243738369336442e-58 2.019526118742857144e-59
1.043640548326011697e+01 1.064132083329545431e+01 9.243386736063369469e+00 8.336906220206333984e+00 7.027009067065035808e+00 6.249501888833752794e+00 2.370979756557035856e+00 1.362863244326487002e-59
1.578685013910883228e+01 1.239674241629230345e+01 1.181426026180990263e+01 1.306076319543525699e+01 1.068901969094183357e+01 9.839069922737994744e+00 3.766015539818497793e+00 1.146590713129046637e-59
7.191564974536745147e+00 7.650752133204621330e+00 7.271669776024966225e+00 6.123358874236735971e+00 6.286725610823147292e+00 5.825653652546084693e+00 3.659049330001926670e+00 1.504108081966728947e-59
1.228458139976624786e+01 1.230560263419329026e+01 1.075238001981972324e+01 1.084076331627951539e+01 9.535014976768049877e+00 8.494236695134237181e+00 1.175877328476160769e-59 7.606667084820659929e-60
8.120100002866037059e+00 6.503603687661635213e+00 7.133470581865205773e+00 5.925850414741295147e+00 6.174681704747506217e+00 5.711549006335340017e+00 6.848275078462772582e-59 3.440226937262575082e-59
1.221944278591267441e+01 1.276692877938821269e+01 1.131670988313281967e+01 1.058705479299390007e+01 8.226165318736487819e+00 8.709757151844886636e+00 3.468343759852425553e-59 8.002398821346931408e-59
1.306567935920861956e+01 1.317687812699124628e+01 8.686777834372753304e+00 1.116497307484735835e+01 8.922215768267037106e+00 9.030628257697028261e+00 2.343680947932262448e+00 6.438808285714986026e-60
1.414117405964647745e+01 1.435479506309987485e+01 1.056864781807506937e+01 8.345971043910580534e+00 8.245056911492410379e+00 8.690156010682715149e+00 3.318044655668497267e+00 3.322088459515644053e-59
9.908518457261299872e+00 7.493044165410634783e+00 7.007307217642686048e+00 6.831330018562064232e+00 6.812912615106608172e+00 5.971581931541244614e+00 3.120857119960318116e+00 7.857794326937586620e-58
1.012588180705154528e+01 1.251707219355676237e+01 1.152613363424044302e+01 1.199611105410770762e+01 1.023607741588181952e+01 6.889685943641504551e+00 3.161671691882881330e+00 1.303744222064703358e-59
1.103302577056117251e+01 1.182975735833781350e+01 1.022460341012060958e+01 9.452554405751062205e+00 9.528465971134705725e+00 8.870460056989845299e+00 3.945959749175726262e-56 1.065758155971142764e-59
1.040927389203487508e+01 1.043811154046807310e+01 9.682879202899151494e+00 1.107168223854943712e+01 9.319310366824844039e+00 8.564021299590580227e+00 3.615698718591933147e+00 3.149966970274607680e-59
1.412055620992942551e+01 1.421798710996148252e+01 1.375877321964810385e+01 1.320213923031415781e+01 1.176445363453656157e+01 1.033409624272105098e+01 5.149984671018440707e+00 6.064856878599103496e-58
1.250600782669138233e+01 1.106026742349532732e+01 1.119338525136406659e+01 1.082609565615053704e+01 9.011925735537214877e+00 7.505252897289140357e+00 5.061057989530049201e-56 7.954433546657612904e-60
1.156231043023284855e+01 1.283117235187136274e+01 1.139225830022518871e+01 1.095604768674066598e+01 1.020258482128260802e+01 8.963997381069324533e+00 3.724097147661596872e-55 1.060179411171415550e-59
1.749826930932780655e+01 1.545308913020243047e+01 1.492041057005743099e+01 1.351623982632294485e+01 1.133074399168972946e+01 1.018653733698288022e+01 3.836128161821294125e+00 2.418388955830575938e-59
1.128461496712000844e+01 1.011081661125684050e+01 1.045808427552519149e+01 9.256904531101442402e+00 7.820829294424256339e+00 5.885896622180856852e+00 2.772073834254083380e+00 1.423118259060360259e-59
8.183530125329006921e+00 1.006295734157573385e+01 1.014194112271755088e+01 9.881641693872724730e+00 7.860742516271560731e+00 6.890396192110582518e+00 3.641636228044359047e+00 1.470135081897530402e-59
1.325477133744056424e+01 1.105258539350842639e+01 1.212207917994837203e+01 9.727481993215361555e+00 8.671269725070333223e+00 7.687776433759784922e+00 2.940468964961872267e+00 2.070883041729441936e-59
1.002627205617599593e+01 1.051938851466542602e+01 1.058039824679306662e+01 9.225635847795793154e+00 8.592636212438524268e+00 8.636959785285517555e+00 3.948955004089887311e+00 1.037736910737167121e-59
1.329293160069343749e+01 1.408931135164890414e+01 1.521147604086145400e+01 1.295013304426317191e+01 1.061955095516598746e+01 7.313012303249382562e+00 2.258019487024223289e-57 4.357228848196281761e-60
1.392085776158442556e+01 1.349793177254299437e+01 1.348742439052438868e+01 1.303465615554193668e+01 1.083413755766346576e+01 1.045870391059204962e+01 4.925659627487210310e-58 1.017518113832841389e-59
1.257281479969250526e+01 1.258927651273511827e+01 1.240609271250354162e+01 1.133432368827772230e+01 8.941315540631718406e+00 7.544019428051374376e+00 3.053474348526917570e+00 1.149683410322209352e-59
