3.424279874512786148e-01 3.447095731533415530e-01 3.622017302024907459e-01 3.552619070253826283e-01 3.535507177488354524e-01 3.590645498621541920e-01 1.000000000000000000e+00 1.000000000000000000e+00
3.186614697214564251e-01 3.691415533795988080e-01 3.458503660043730221e-01 3.715182051525810492e-01 4.170548531229204547e-01 4.264663941439300054e-01 1.000000000000000000e+00 1.000000000000000000e+00
3.594448141458313484e-01 3.556421713090597847e-01 3.408118642456507419e-01 3.557372373799790877e-01 3.673352980321323291e-01 3.753208479893526128e-01 4.971955509078809787e-01 1.000000000000000000e+00
3.237950375510980083e-01 3.228443768419051452e-01 3.129575054662990796e-01 3.179960072250214154e-01 3.520296606141268270e-01 3.863485122159900920e-01 1.000000000000000000e+00 1.000000000000000000e+00
3.623918623443292963e-01 3.486072820610324197e-01 3.439490445859872403e-01 3.783629622587698638e-01 3.851126532940393754e-01 3.832113318756535936e-01 4.621161707386633455e-01 1.000000000000000000e+00
3.089647304876889655e-01 3.256012928985644872e-01 3.085844662040118092e-01 3.210381214944386108e-01 3.414773267420857517e-01 3.522197927559653774e-01 4.549862154197166775e-01 1.000000000000000000e+00
3.396710713946192728e-01 3.524099248978039833e-01 3.544063123871090681e-01 3.396710713946192728e-01 3.653389105428272443e-01 3.724688658617739123e-01 1.000000000000000000e+00 1.000000000000000000e+00
3.716132712235003521e-01 3.921475425420667404e-01 3.507938016921760549e-01 3.786481604715277172e-01 3.908166175491966654e-01 4.047913299743321480e-01 5.316094685806636022e-01 1.000000000000000000e+00
3.048768894381595485e-01 3.275026143169502690e-01 3.184713375796178192e-01 3.142884304591690992e-01 3.075387394238995875e-01 3.049719555090787959e-01 3.956649871660804507e-01 1.000000000000000000e+00
3.824508033082992808e-01 3.622017302024907459e-01 3.711379408689038928e-01 3.805494818899134990e-01 3.610609373514592768e-01 3.816902747409449681e-01 4.871185473904363628e-01 1.000000000000000000e+00
3.534556516779161495e-01 3.677155623158094855e-01 3.400513356782964292e-01 3.494628766993060354e-01 3.557372373799790877e-01 3.858731818613936881e-01 1.000000000000000000e+00 1.000000000000000000e+00
3.392908071109421164e-01 3.429033178058750742e-01 3.478467534936781069e-01 3.575434927274455665e-01 3.660043730392623096e-01 3.749405837056754565e-01 1.000000000000000000e+00 1.000000000000000000e+00
3.481319517064359603e-01 3.427131856640365237e-01 3.652438444719079969e-01 3.364388249833634159e-01 3.539309820325126088e-01 3.651487784009886939e-01 1.000000000000000000e+00 1.000000000000000000e+00
3.092499287004468189e-01 3.104857876223975910e-01 3.165700161612320374e-01 3.169502804449091937e-01 3.335868428557847709e-01 3.405266660328928330e-01 4.933929080711094151e-01 1.000000000000000000e+00
3.055423519345945582e-01 3.407167981747314389e-01 3.182812054377792688e-01 3.374845517634756376e-01 3.569730963019298597e-01 3.681908926704059448e-01 4.503279779446715536e-01 1.000000000000000000e+00
3.791234908261241765e-01 4.126818138606331288e-01 3.776024336914155510e-01 3.778876319041734044e-01 3.962353835915961575e-01 3.911018157619545743e-01 4.977659473333966855e-01 1.000000000000000000e+00
3.166650822321513403e-01 3.143834965300884021e-01 3.100104572678011317e-01 3.175206768704249560e-01 3.450898374370187094e-01 3.613461355642171302e-01 4.771366099439109942e-01 1.000000000000000000e+00
3.792185568970434240e-01 3.588744177203156416e-01 3.581138891529613288e-01 3.712330069398231958e-01 3.719935355071775085e-01 3.641981176917957752e-01 1.000000000000000000e+00 1.000000000000000000e+00
3.054472858636752552e-01 3.524099248978039833e-01 3.206578572107614544e-01 3.444243749405836996e-01 3.688563551668409546e-01 3.834965300884114470e-01 4.827455081281490368e-01 1.000000000000000000e+00
3.431885160186329276e-01 3.171404125867477997e-01 3.447095731533415530e-01 3.407167981747314389e-01 3.261716893240802495e-01 3.437589124441486899e-01 4.245650727255442791e-01 1.000000000000000000e+00
3.271223500332731127e-01 3.390056088981842630e-01 3.157144215229584772e-01 3.385302785435878037e-01 3.348227017777355430e-01 3.307348607282061259e-01 1.000000000000000000e+00 1.000000000000000000e+00
3.223690464873086858e-01 2.937541591406027108e-01 2.947998859207148770e-01 3.269322178914345622e-01 3.392908071109421164e-01 3.437589124441486899e-01 1.000000000000000000e+00 1.000000000000000000e+00
3.119117786861869135e-01 3.121019108280254639e-01 3.232246411255823015e-01 3.523148588268846804e-01 3.614412016351364332e-01 3.685711569540831012e-01 4.767563456602338379e-01 1.000000000000000000e+00
3.039262287289666298e-01 3.079190037075767439e-01 3.084894001330925062e-01 3.362486928415248655e-01 3.373894856925563346e-01 3.427131856640365237e-01 4.916817187945622392e-01 1.000000000000000000e+00
3.564026998764140974e-01 3.372944196216370316e-01 3.587793516493963386e-01 3.457552999334537747e-01 3.733244605000475280e-01 4.051715942580093044e-01 4.876889438159520695e-01 1.000000000000000000e+00
3.222739804163893829e-01 3.258864911113223961e-01 3.330164464302690641e-01 3.294039357353360509e-01 3.385302785435878037e-01 3.498431409829831917e-01 4.765662135183952874e-01 1.000000000000000000e+00
3.230345089837436956e-01 3.534556516779161495e-01 3.287384732389010411e-01 3.241753018347751647e-01 3.912919479037931247e-01 3.662895712520201630e-01 4.466204011788192929e-01 1.000000000000000000e+00
3.846373229394429161e-01 3.387204106854263541e-01 3.561175016636562440e-01 3.385302785435878037e-01 3.419526570966822110e-01 3.763665747694647790e-01 1.000000000000000000e+00 1.000000000000000000e+00
3.245555661184523211e-01 3.044015590835630891e-01 3.086795322749310566e-01 3.060176822891909620e-01 3.463256963589694815e-01 3.526951231105618367e-01 1.000000000000000000e+00 1.000000000000000000e+00
3.344424374940583866e-01 3.409069303165699893e-01 3.437589124441486899e-01 3.612510694932978272e-01 3.834014640174921440e-01 4.111607567259245033e-01 4.615457743131476387e-01 1.000000000000000000e+00
