1.316636677780376626e-04 1.452454477049567217e-04 2.031996873581566566e-04 2.817840691582922498e-04 1.305446927261320932e-03 2.210670484265684493e-03 1.826468890479175378e-01 1.826468890479175655e-01
6.633420343086159857e-05 8.075840267637515594e-05 2.208988129334452219e-04 2.011408192751749794e-04 2.318902217335154937e-03 3.557254543861041850e-03 2.040093419440791034e-01 2.040093419440791034e-01
8.739047435898691699e-06 6.055839338895191892e-05 8.707402772429531244e-05 1.674881773290338690e-04 6.688505449225776774e-04 1.397806020080756204e-03 1.320462945795999356e-02 1.455606592209459371e-01
8.740047664502353670e-05 6.894651504210588821e-05 1.470972552403065697e-04 2.364783669861640408e-04 1.295181512453022574e-03 3.298281126005408060e-03 1.913665134672989099e-01 1.913665134672989099e-01
1.318015550532676613e-05 2.010508715553661411e-05 5.190777482779397638e-05 2.889309439005909486e-04 1.164991617239343608e-03 2.680165645031904603e-03 1.440415171130519402e-02 2.011863715658091523e-01
1.024144642200797476e-04 7.146087381921330034e-05 3.815367725753388006e-04 3.568403990368008679e-04 1.629378712815892586e-03 2.295667841843713163e-03 1.275831132350570447e-02 1.733972925676833532e-01
1.785333756198242050e-04 2.218509946883662318e-04 1.959701287054932124e-04 2.893942226555926405e-04 1.189694441012894861e-03 1.318315288428184139e-03 1.652656668165115583e-01 1.652656668165115583e-01
1.972681946337363833e-04 3.754262847885384479e-04 5.440884916756252073e-04 9.958187434972987605e-04 1.905663455276708626e-03 3.215920456298289667e-03 1.869227431925860744e-02 2.028925033917430287e-01
1.580897255449805784e-05 1.408541812040920113e-05 6.250895738739759597e-05 1.685120927738622707e-04 8.714507172872112484e-04 1.181993674068131930e-03 1.257053105182794235e-02 1.321475760049857784e-01
8.317379448933113356e-05 6.472692116859434181e-05 9.327130363419924028e-05 1.211759409117642782e-04 5.530148391383760825e-04 8.343434746152346773e-04 1.170804483592184642e-02 1.669967397355716643e-01
4.857771163116520900e-05 1.873730286075529414e-05 4.319043001658620049e-05 1.412579552630684014e-04 8.097263129440727611e-04 1.762852092768733532e-03 1.660281334696295241e-01 1.660281334696295519e-01
2.605847869448474591e-04 1.823953889457753175e-04 2.455352659438760922e-04 4.069203207602886782e-04 9.157239652212308643e-04 2.209538966226082691e-03 1.707976277337698856e-01 1.707976277337698578e-01
9.199627921505101435e-05 3.703688311685072185e-04 1.806224508644470067e-04 1.559730940699158709e-04 1.231886994938490715e-03 2.162291830156111601e-03 1.760075513338685560e-01 1.760075513338685838e-01
8.149012346979805964e-05 6.407058688189055311e-05 1.047968679862568348e-04 1.757698630027712864e-04 1.076363105475289413e-03 1.552790497519196920e-03 1.596883803128908846e-02 1.282289719555044505e-01
1.082143434717413281e-04 5.739369931481133109e-05 1.471466632214098560e-04 2.398453036694157359e-04 1.494574489552424022e-03 2.398011570978973109e-03 1.353127758391895960e-02 1.529229774872157555e-01
2.031611690304673185e-04 2.330697292755450642e-04 3.668678622000088132e-04 3.961393332905547107e-04 8.797613429233579587e-04 1.343280099499518515e-03 1.215440528064711326e-02 1.349064221882026737e-01
1.591894267939658744e-04 9.647570576838535765e-05 1.612180167012277764e-04 1.946602008503247174e-04 9.920680694722177218e-04 2.546610241654819352e-03 1.443037689921755976e-02 1.505221768900106283e-01
2.556916981024684349e-06 2.420649898145159459e-05 3.148946952327626603e-05 5.132475504947647907e-05 9.189952878348581948e-04 1.681348648054893646e-03 1.681124839627954892e-01 1.681124839627954892e-01
1.142565886205560631e-04 9.154157277788451264e-05 2.310358046592454707e-04 4.088146379005794381e-04 1.657995340614531370e-03 3.300618770780746909e-03 1.497827468119972139e-02 1.846373727528207997e-01
6.049814112152690845e-05 5.055685044289574750e-05 1.080698249642626313e-04 1.577597661872987109e-04 8.776462041734823128e-04 2.199571559788134675e-03 1.311318028153115114e-02 1.606381744901365649e-01
2.406211486232240986e-05 1.065930464588902669e-05 1.197148294066627884e-04 2.284439687727468052e-04 8.410877530599644497e-04 1.883729644207608701e-03 1.834078763107502008e-01 1.834078763107502286e-01
4.665372375468125653e-05 4.990218421025686849e-05 6.460114272815926136e-05 1.233772779174686148e-04 4.286615163695862984e-04 1.593766212562352201e-03 1.465716491607376992e-01 1.465716491607376992e-01
5.676555272277397228e-05 6.772237024711086979e-05 1.093830657225061654e-04 3.173129816487368395e-04 9.759414876744015388e-04 1.738195939080237288e-03 1.722128902974931833e-02 1.603649904704563534e-01
1.576735784346231092e-04 1.492989147798787111e-04 2.170182220749958995e-04 2.879083653773382165e-04 7.406381211369150123e-04 1.834002134444311961e-03 1.541007884867614044e-02 1.676967175919590602e-01
1.168398012642142368e-04 5.171809132263572114e-05 1.426210089038271677e-04 2.216040591645925787e-04 1.702022787090236170e-03 3.444087776237908342e-03 1.595609441323965136e-02 1.965674875690310297e-01
7.553174065151068198e-05 1.323859827892211801e-04 1.506614273431440391e-04 2.085855027520871227e-04 1.188943810984765051e-03 1.937405043848429561e-03 1.657412472799349792e-02 1.772789606047625033e-01
6.129952365305599987e-05 6.249340149553832627e-05 1.140478800250322307e-04 1.452847994220884226e-04 1.692787618233381223e-03 2.176583727836499567e-03 1.415376983748602158e-02 1.770854691688592275e-01
2.893441315152734165e-04 2.782695127600475651e-05 5.855622010729470857e-05 1.694719058355698062e-04 6.178989889465780292e-04 1.666152842667147169e-03 1.589242064608703819e-01 1.589242064608703819e-01
6.740475565049212393e-05 1.493652052096237524e-04 2.741842093735459692e-04 2.770152108939201961e-04 1.280268089784609422e-03 2.196156620245055726e-03 1.693009570289318588e-01 1.693009570289318866e-01
6.356638532986959593e-05 1.588691975138164592e-04 3.229658213663051387e-04 3.743437390784870133e-04 1.509740451392668119e-03 3.016863389506773026e-03 1.798311509487751994e-02 1.804471909555906417e-01
