7.604691427924633444e+02 5.787315127837545106e+02 5.704564114567552906e+02 4.268767785178258691e+02 3.991397430156599171e+02 2.906284010264722042e+02 8.727853958287912391e-18 4.851156212272390768e-18
6.448644501659127855e+02 6.332439173701493473e+02 5.037643544680096852e+02 5.391510401782393274e+02 3.706066944971612998e+02 2.416343620287030092e+02 6.537258011843330896e-19 6.136091958367363534e-18
7.381754272816278899e+02 4.372866570607152994e+02 6.068647258117546244e+02 5.198542869540876836e+02 3.417230737521140327e+02 3.023520800201853831e+02 3.567001324675668061e-18 2.097121228503639155e-18
7.606268214389477862e+02 6.716190149802143878e+02 4.600526030671967419e+02 4.916199940572224705e+02 3.898027730235392596e+02 2.686234052529200653e+02 8.880055190997669483e-18 3.693963622535207172e-18
7.657389520968793022e+02 7.845747955699305294e+02 5.083512205237436774e+02 5.142831539939294316e+02 2.777628195014511903e+02 2.374683286802184057e+02 2.067508162574240764e-18 3.433487756364708970e-18
6.677018571906711486e+02 7.075362383758422311e+02 5.874793503696446351e+02 4.542041924185947437e+02 3.185644823057282338e+02 1.810271594488273195e+02 6.715700722305720238e-18 6.074979854711945850e-19
6.485169300752254458e+02 5.403609681572877435e+02 5.600825999839771612e+02 4.856830577922974612e+02 3.316456844138824067e+02 2.605075940007562849e+02 4.303919988786909356e-19 8.206849286387712591e-18
6.427336420655913116e+02 5.192025085040436352e+02 4.856036734824056111e+02 4.807915445279885489e+02 3.609234649962443768e+02 2.002182340833785759e+02 3.895226591736709442e-18 4.377903022773652151e-18
5.783611732211966228e+02 6.838502967956291059e+02 5.343144409516411315e+02 5.064164313110935609e+02 3.678061693905286234e+02 2.778308632168374288e+02 9.720258935114732025e-18 1.955739518206075665e-18
7.794382437896664442e+02 6.854525298760406713e+02 6.432235567756765704e+02 5.900158875101187732e+02 3.907700039135730776e+02 2.584011873438823841e+02 2.095579363841840312e-18 5.493829226111790302e-18
8.820129824831931273e+02 6.064932283639006982e+02 6.237304667618681151e+02 4.937699367880002796e+02 4.414799540058820071e+02 2.668394391449659224e+02 2.577058037351806236e-18 5.874570535902598305e-19
6.220881256038042011e+02 5.729340806717758596e+02 4.652445196346680518e+02 5.434705897468309104e+02 4.251086026076515054e+02 2.711600172231433135e+02 1.250607088929532075e-17 6.582134214435557754e-18
6.872616204954418890e+02 6.388829956395759382e+02 6.359142009255421044e+02 5.038669038711996109e+02 3.740139578099208961e+02 2.734612275376838966e+02 3.260348927990009641e-18 3.115526146344225556e-19
1.023743127953082649e+03 6.665203288999483675e+02 5.926360792436403244e+02 4.986192565658419653e+02 3.939232884077828203e+02 3.094914187166531292e+02 3.913590001335386656e-19 5.513708030592664663e-18
5.798710180634426479e+02 6.312608116908934335e+02 4.414416819570087114e+02 4.914582646218663058e+02 3.712454048872907606e+02 2.566716815537955085e+02 9.857054756096301530e-18 1.070891182068301113e-18
7.158144181101395134e+02 5.593265824624148763e+02 4.999476339246527914e+02 4.382610951016951049e+02 3.894985635331992739e+02 2.555213015111497157e+02 8.597516763529156926e-18 1.440194238348725848e-17
6.423269789707904920e+02 4.832699985919548453e+02 4.768757925443170507e+02 5.503571924315440356e+02 3.354395731115139938e+02 2.649287871232927500e+02 3.798108970378083569e-18 3.762869421922099484e-19
6.260319483388190065e+02 6.138128999968444077e+02 5.513640779385150381e+02 4.585939846726350879e+02 3.730103919891805617e+02 2.466211987470351517e+02 4.035463484066499542e-18 1.063122301755203077e-18
8.614941817710508758e+02 6.262282116749059924e+02 4.534992639086198096e+02 4.939229236720493077e+02 4.036818206428034159e+02 2.553117380483720353e+02 2.195959385536375326e-18 2.059567228693731699e-18
5.962565634654584983e+02 4.331802098255546980e+02 5.027323153903528237e+02 3.552955538017861272e+02 3.773768395724023321e+02 2.835904928463515375e+02 2.665453866331672986e-18 3.595496042416894758e-18
7.068294637413374630e+02 5.889122416004904608e+02 6.178369382871292146e+02 5.058547319302508640e+02 3.146465072174030411e+02 2.510718184654490415e+02 2.700168982279298451e-18 4.091023551450461305e-18
8.196234525777595081e+02 5.740793153660885082e+02 4.669720331984502764e+02 5.100710662484660816e+02 3.488222260023941885e+02 2.742263741542803928e+02 5.141000298910971666e-18 8.217834244922416799e-18
7.522143671245395353e+02 5.593914939161411439e+02 6.111832914747972154e+02 5.256528263969448744e+02 3.299554028902638834e+02 2.744789843081317713e+02 9.991785934268938678e-18 4.137239786635024067e-18
7.831537519422003015e+02 7.632194686217378603e+02 6.082774998888246500e+02 4.637403919151310561e+02 4.065730437413805021e+02 2.349004681937919656e+02 7.947418976511481416e-18 7.101259531984037074e-18
6.841960091360956540e+02 6.604622673093034564e+02 5.223324720975456330e+02 4.834773921942340280e+02 3.012828962608481334e+02 2.520362304232986901e+02 6.668902151969920145e-18 4.176798872249760063e-18
6.966806162874722759e+02 6.180591103427368580e+02 4.829819823625552999e+02 4.967735935850747637e+02 3.477224704307944876e+02 2.046761259677068949e+02 4.060728888696319219e-18 9.371393857409267497e-19
7.442167817592439860e+02 6.228926844593586338e+02 5.090489348485655228e+02 5.058166863485805038e+02 3.304029675850305239e+02 2.198837994130964262e+02 7.789976727440588340e-18 5.915572224505626781e-18
8.183419800724907418e+02 5.945109790949111357e+02 4.564031660854817574e+02 5.025513647397129944e+02 3.570842217238621288e+02 2.253651345445195204e+02 6.589734349903694972e-19 5.524640049568165477e-18
8.858483860821866074e+02 5.169175992124639833e+02 5.694505806189888517e+02 5.094965513849944045e+02 3.356949673327247297e+02 2.668514657139932638e+02 3.950905773128878841e-18 1.965308343532089089e-18
6.525568184196970378e+02 7.249118787585983910e+02 5.295159004199367700e+02 5.788358245556961492e+02 3.307533253751102507e+02 2.523060156431241978e+02 2.580413081916321317e-18 1.281782533599920624e-18
