1.825233939538470338e+02 2.139493338955220736e+02 1.190550616784255453e+02 1.099270748336610666e+02 4.233641159343041238e+01 3.364280756370974501e+01 0.000000000000000000e+00 0.000000000000000000e+00
2.530833253167283488e+02 1.360033703856855425e+02 9.701762774364873110e+01 7.603124075061387543e+01 5.236540281232783656e+01 4.145751491124580212e+01 0.000000000000000000e+00 0.000000000000000000e+00
1.589713487469725237e+02 1.130694788145170548e+02 1.386330421395994108e+02 1.083164163831947917e+02 4.225207478606187550e+01 3.851175966175006238e+01 0.000000000000000000e+00 0.000000000000000000e+00
1.749991951469018829e+02 1.234397552460756629e+02 1.024406980149930604e+02 1.007580586475201727e+02 4.989105618210773230e+01 3.808612120653393163e+01 0.000000000000000000e+00 0.000000000000000000e+00
1.365283438221496510e+02 1.340180572197301956e+02 1.035075588984931443e+02 1.005195293513852590e+02 4.415548329809013239e+01 3.596332913573119328e+01 0.000000000000000000e+00 0.000000000000000000e+00
2.012570797381161753e+02 2.008188830281859794e+02 1.468796741007607807e+02 1.168076426309726514e+02 4.535515954940894545e+01 2.929442959357206533e+01 0.000000000000000000e+00 0.000000000000000000e+00
2.058729978537100180e+02 1.947659575109144896e+02 1.147748209392058527e+02 1.010974527492182204e+02 5.353650054589823526e+01 4.062636844077398734e+01 0.000000000000000000e+00 0.000000000000000000e+00
2.133117484470045611e+02 1.985517109238507203e+02 1.252818892595610691e+02 9.356539672245297368e+01 4.872991854119945998e+01 3.177103319703187623e+01 0.000000000000000000e+00 0.000000000000000000e+00
1.506721918782309615e+02 1.500811198251046505e+02 1.289807695631882041e+02 1.042818288527394373e+02 5.367116026200093160e+01 3.908785422762370843e+01 0.000000000000000000e+00 0.000000000000000000e+00
1.281366701496196185e+02 1.682911859749152939e+02 1.041557051534613407e+02 8.198206388255132993e+01 4.880925395855057047e+01 3.751195302788274688e+01 0.000000000000000000e+00 0.000000000000000000e+00
1.919117925275888581e+02 1.937686691834342980e+02 1.669831306575573819e+02 1.145456930872248762e+02 5.634645020233880075e+01 3.413370120117824769e+01 0.000000000000000000e+00 0.000000000000000000e+00
1.730004593428934072e+02 1.172123576915020067e+02 1.173997307341248302e+02 7.400354776434222970e+01 4.762087816602129919e+01 3.930547653666055652e+01 0.000000000000000000e+00 0.000000000000000000e+00
1.845000508418891627e+02 1.252181487586423145e+02 8.893911183474654081e+01 1.248304158847368228e+02 5.254645845268919402e+01 3.695352126070007870e+01 0.000000000000000000e+00 0.000000000000000000e+00
1.438688344727836750e+02 1.157813133633823810e+02 1.051446356225990968e+02 1.135626427759071078e+02 4.521800515683542443e+01 3.727590212061574704e+01 0.000000000000000000e+00 0.000000000000000000e+00
2.143831872015945521e+02 1.044432948601821067e+02 9.665580740672471904e+01 1.262029801865345604e+02 5.042698759828658694e+01 3.587369696139823816e+01 0.000000000000000000e+00 0.000000000000000000e+00
1.409551880144368567e+02 1.206591208785984577e+02 9.765683464544660808e+01 7.714774121470155421e+01 4.649059212398685759e+01 3.781238464357524265e+01 0.000000000000000000e+00 0.000000000000000000e+00
1.351439654629175493e+02 1.115651983781812788e+02 1.097544595749813539e+02 1.016021036041617691e+02 5.271334394184257377e+01 3.895260000797268418e+01 0.000000000000000000e+00 0.000000000000000000e+00
1.728826386427115835e+02 1.348984691516104419e+02 1.264393823261972045e+02 8.347987506950360626e+01 5.575628472913775369e+01 3.556599114947891849e+01 0.000000000000000000e+00 0.000000000000000000e+00
2.787307376367923553e+02 1.683332312179702797e+02 1.138413486718142735e+02 1.078048543579670451e+02 5.585720447449401149e+01 3.820494690875769805e+01 0.000000000000000000e+00 0.000000000000000000e+00
1.893697542772848124e+02 1.364642526692580873e+02 1.152948464619312858e+02 9.698693151133795709e+01 4.940219957287830255e+01 3.828080930149336325e+01 0.000000000000000000e+00 0.000000000000000000e+00
2.071012666607034873e+02 1.150952480690034889e+02 1.099882271615764608e+02 1.035178237351617270e+02 4.839530823585565855e+01 3.911695657578868435e+01 0.000000000000000000e+00 0.000000000000000000e+00
1.634932403273405441e+02 1.598678311507684953e+02 1.052647666792852732e+02 9.907438627931313135e+01 4.952010275955600349e+01 4.143175507724888007e+01 0.000000000000000000e+00 0.000000000000000000e+00
1.683521328591542385e+02 1.217245987959520477e+02 9.431918088937065647e+01 8.697310687128795337e+01 5.284030166050012411e+01 4.078707333890061904e+01 0.000000000000000000e+00 0.000000000000000000e+00
1.897233331999094617e+02 1.238888172853281304e+02 1.288361712228264366e+02 1.122504247650509370e+02 5.029588458293515885e+01 3.346696944869407275e+01 0.000000000000000000e+00 0.000000000000000000e+00
1.442262824253801341e+02 1.119065446261771228e+02 7.880421610107360664e+01 9.259138564431269458e+01 5.272829786927370321e+01 3.665217821052925018e+01 0.000000000000000000e+00 0.000000000000000000e+00
1.224993739016209418e+02 1.162275995862633380e+02 7.893808623027474880e+01 8.452112345941031890e+01 5.098527022224877214e+01 3.078481054916762361e+01 0.000000000000000000e+00 0.000000000000000000e+00
1.718044244241393699e+02 1.143472561551005384e+02 9.624063803202491840e+01 1.088579909953222398e+02 5.257175907219476585e+01 4.048668572247685660e+01 0.000000000000000000e+00 0.000000000000000000e+00
1.430602354214142053e+02 1.098591107141728713e+02 1.046908646391013207e+02 8.993946569701840588e+01 5.974440185445718754e+01 3.613766546473472374e+01 0.000000000000000000e+00 0.000000000000000000e+00
1.679920289424568978e+02 1.580804361627091907e+02 1.340260531351513293e+02 1.124507831434205087e+02 4.635554573044242233e+01 4.412975924180224041e+01 0.000000000000000000e+00 0.000000000000000000e+00
2.027008126518649078e+02 1.509538936102811704e+02 1.238706819660855842e+02 1.018089178907761294e+02 4.863531821072885464e+01 3.743460970279019762e+01 0.000000000000000000e+00 0.000000000000000000e+00
