8.000000000000000167e-02 1.217391304347826136e-01 1.878260869565217261e-01 2.643478260869565055e-01 3.008695652173912771e-01 3.582608695652174102e-01 1.000000000000000000e+00 1.000000000000000000e+00
1.652173913043478160e-01 2.034782608695652195e-01 2.121739130434782683e-01 2.347826086956521785e-01 3.478260869565217295e-01 3.704347826086956674e-01 1.000000000000000000e+00 1.000000000000000000e+00
1.530434782608695587e-01 2.069565217391304279e-01 2.347826086956521785e-01 2.156521739130434767e-01 2.921739130434782838e-01 3.652173913043478271e-01 1.000000000000000000e+00 1.000000000000000000e+00
8.000000000000000167e-02 1.669565217391304479e-01 2.591304347826087207e-01 2.713043478260869779e-01 3.130434782608695898e-01 3.617391304347826186e-01 1.000000000000000000e+00 1.000000000000000000e+00
1.304347826086956486e-01 1.895652173913043581e-01 2.173913043478260809e-01 2.243478260869565255e-01 3.565217391304347783e-01 3.843478260869565011e-01 1.000000000000000000e+00 1.000000000000000000e+00
9.217391304347825887e-02 1.547826086956521630e-01 1.756521739130434689e-01 2.104347826086956641e-01 3.426086956521738891e-01 4.104347826086956474e-01 1.000000000000000000e+00 1.000000000000000000e+00
9.913043478260868957e-02 1.478260869565217461e-01 2.313043478260869701e-01 2.208695652173913171e-01 3.113043478260869579e-01 3.200000000000000067e-01 1.000000000000000000e+00 1.000000000000000000e+00
1.043478260869565161e-01 1.391304347826086973e-01 2.434782608695652273e-01 2.330434782608695743e-01 3.426086956521738891e-01 3.965217391304347583e-01 1.000000000000000000e+00 1.000000000000000000e+00
1.391304347826086973e-01 1.826086956521739135e-01 2.278260869565217339e-01 2.260869565217391297e-01 3.182608695652173747e-01 3.860869565217391330e-01 1.000000000000000000e+00 1.000000000000000000e+00
8.869565217391303658e-02 1.617391304347826075e-01 1.791304347826087051e-01 2.139130434782608725e-01 3.026086956521739091e-01 4.000000000000000222e-01 1.000000000000000000e+00 1.000000000000000000e+00
9.043478260869565466e-02 1.286956521739130443e-01 1.860869565217391219e-01 2.173913043478260809e-01 3.426086956521738891e-01 4.139130434782608559e-01 1.000000000000000000e+00 1.000000000000000000e+00
1.095652173913043426e-01 1.460869565217391419e-01 2.017391304347826153e-01 2.017391304347826153e-01 3.182608695652173747e-01 3.895652173913043415e-01 1.000000000000000000e+00 1.000000000000000000e+00
8.000000000000000167e-02 1.652173913043478160e-01 2.226086956521739213e-01 2.452173913043478315e-01 3.095652173913043259e-01 3.721739130434782439e-01 1.000000000000000000e+00 1.000000000000000000e+00
8.347826086956522396e-02 1.269565217391304401e-01 1.808695652173913093e-01 2.295652173913043381e-01 2.782608695652173947e-01 3.599999999999999867e-01 1.000000000000000000e+00 1.000000000000000000e+00
8.869565217391303658e-02 1.217391304347826136e-01 2.017391304347826153e-01 2.486956521739130399e-01 3.130434782608695898e-01 3.721739130434782439e-01 1.000000000000000000e+00 1.000000000000000000e+00
9.391304347826086307e-02 1.478260869565217461e-01 2.191304347826086851e-01 2.695652173913043459e-01 2.782608695652173947e-01 3.860869565217391330e-01 1.000000000000000000e+00 1.000000000000000000e+00
1.408695652173913015e-01 1.895652173913043581e-01 2.382608695652173869e-01 2.417391304347825953e-01 3.026086956521739091e-01 3.982608695652173902e-01 1.000000000000000000e+00 1.000000000000000000e+00
8.173913043478260587e-02 1.217391304347826136e-01 1.721739130434782605e-01 2.330434782608695743e-01 2.521739130434782483e-01 3.426086956521738891e-01 1.000000000000000000e+00 1.000000000000000000e+00
1.078260869565217384e-01 1.304347826086956486e-01 2.278260869565217339e-01 2.121739130434782683e-01 3.860869565217391330e-01 3.913043478260869734e-01 1.000000000000000000e+00 1.000000000000000000e+00
8.521739130434782816e-02 2.121739130434782683e-01 1.913043478260869623e-01 2.782608695652173947e-01 3.043478260869565410e-01 3.217391304347825831e-01 1.000000000000000000e+00 1.000000000000000000e+00
1.147826086956521691e-01 1.165217391304347871e-01 1.947826086956521707e-01 1.913043478260869623e-01 2.713043478260869779e-01 3.234782608695652151e-01 1.000000000000000000e+00 1.000000000000000000e+00
1.095652173913043426e-01 1.339130434782608570e-01 2.539130434782608803e-01 2.034782608695652195e-01 3.182608695652173747e-01 3.878260869565217650e-01 1.000000000000000000e+00 1.000000000000000000e+00
9.739130434782608536e-02 1.826086956521739135e-01 1.878260869565217261e-01 2.886956521739130199e-01 3.791304347826087162e-01 3.965217391304347583e-01 1.000000000000000000e+00 1.000000000000000000e+00
9.739130434782608536e-02 1.408695652173913015e-01 2.208695652173913171e-01 2.747826086956521863e-01 3.217391304347825831e-01 4.000000000000000222e-01 1.000000000000000000e+00 1.000000000000000000e+00
1.078260869565217384e-01 1.669565217391304479e-01 2.556521739130434567e-01 2.504347826086956719e-01 3.321739130434782639e-01 3.165217391304347982e-01 1.000000000000000000e+00 1.000000000000000000e+00
1.513043478260869545e-01 1.547826086956521630e-01 2.000000000000000111e-01 2.086956521739130321e-01 3.269565217391304235e-01 4.834782608695651906e-01 1.000000000000000000e+00 1.000000000000000000e+00
1.008695652173913077e-01 1.478260869565217461e-01 2.278260869565217339e-01 2.208695652173913171e-01 3.965217391304347583e-01 3.791304347826087162e-01 1.000000000000000000e+00 1.000000000000000000e+00
9.913043478260868957e-02 1.791304347826087051e-01 2.000000000000000111e-01 2.069565217391304279e-01 2.782608695652173947e-01 3.895652173913043415e-01 1.000000000000000000e+00 1.000000000000000000e+00
8.521739130434782816e-02 1.808695652173913093e-01 1.843478260869565177e-01 2.295652173913043381e-01 3.252173913043478470e-01 3.721739130434782439e-01 1.000000000000000000e+00 1.000000000000000000e+00
1.095652173913043426e-01 1.860869565217391219e-01 1.913043478260869623e-01 1.913043478260869623e-01 3.234782608695652151e-01 3.130434782608695898e-01 1.000000000000000000e+00 1.000000000000000000e+00
