2.588302810191822573e+03 2.997352600636518218e+03 3.316784390479049307e+03 3.603229773640844087e+03 4.648394966451210166e+03 5.377198866144038220e+03 1.334906095368030765e+04 1.334906093800762756e+04
2.684356918078066883e+03 2.992935264935102623e+03 3.270545136876557081e+03 3.685593843494096745e+03 4.789693138368187647e+03 5.637217564691259213e+03 1.344877601941300054e+04 1.344877603261102740e+04
2.638935132202710520e+03 2.801681339488674439e+03 3.234053916693841529e+03 3.517681448542716680e+03 4.804467573498929596e+03 5.320633041002321079e+03 1.326282442737016936e+04 1.326282442448749862e+04
2.606747313406717240e+03 2.925639246695870042e+03 3.353053514056928634e+03 3.574750280172741896e+03 4.811303464205395358e+03 5.458440068266208982e+03 1.332186430257733446e+04 1.332186428098865326e+04
2.684762539774305424e+03 2.935673932658308331e+03 3.321394934777104027e+03 3.534497880313830137e+03 4.792023404603110066e+03 5.516076548140605155e+03 1.332192964245656913e+04 1.332192964493260115e+04
2.606592089858877898e+03 2.861299211841453598e+03 3.317233165539555557e+03 3.645442902972380580e+03 4.842076387024286305e+03 6.250989284435177069e+03 1.332842969991595237e+04 1.332842968098420351e+04
2.565364139317070112e+03 2.817502721723187278e+03 3.303925390319724556e+03 3.586143254536206314e+03 4.795551545243294640e+03 5.427017615025103623e+03 1.334284190146399851e+04 1.334284192789196823e+04
2.590131237982356652e+03 3.010891828865141179e+03 3.434741268166498685e+03 3.694058432284639821e+03 4.741680561797967130e+03 5.779527433246994406e+03 1.329918459366151910e+04 1.329918459492303373e+04
2.721114972517556907e+03 2.989087804520903319e+03 3.246526523941648065e+03 3.647695852785609532e+03 4.680182637703718683e+03 5.542201680191411469e+03 1.352776968702292470e+04 1.352776965601698976e+04
2.628379004546901797e+03 2.796517135827158199e+03 3.342195125268685842e+03 3.595235500067571593e+03 4.850047935946932739e+03 5.597151264003897268e+03 1.344109817300480972e+04 1.344109818194976106e+04
2.618221333635118754e+03 2.880688894687741140e+03 3.211089032950311775e+03 3.625422737887528911e+03 4.677032848183637725e+03 5.801492383457139113e+03 1.353079905937183503e+04 1.353079905727655932e+04
2.617769008460266377e+03 2.873483312091745574e+03 3.304903014882114803e+03 3.556136672988061946e+03 4.813642190233598740e+03 5.577669043433593288e+03 1.333796274216671736e+04 1.333796270277456460e+04
2.574020634298487039e+03 2.895267185601730489e+03 3.299578750053232397e+03 3.584715574095619104e+03 4.729195610481604490e+03 5.442550200405436954e+03 1.324945071696279956e+04 1.324945071369494508e+04
2.665758007674781311e+03 3.066605040027561245e+03 3.386616620680752931e+03 3.597074645551503181e+03 4.696844674541141103e+03 5.497237340960140500e+03 1.330521326836873050e+04 1.330521327847974317e+04
2.706813186247252361e+03 2.992251944767954683e+03 3.454876937416853707e+03 3.638478279862909403e+03 4.769919888331124639e+03 5.546739556793804695e+03 1.351226940754830321e+04 1.351226937702845134e+04
2.656667958644406099e+03 2.866702296933024172e+03 3.417324845369644663e+03 3.700771299943534359e+03 4.732758565182040911e+03 5.544671598362377154e+03 1.326865331407738267e+04 1.326865335962449899e+04
2.785865768695060069e+03 3.006456829569709953e+03 3.446465203197439223e+03 3.663431146893391087e+03 4.738100098722490657e+03 5.399253284383226855e+03 1.336999707331925674e+04 1.336999706860126753e+04
2.684133774645250014e+03 2.975439979230794961e+03 3.288158641103735590e+03 3.640363210780574718e+03 4.598629475320784877e+03 5.634002437410609673e+03 1.327995533465417793e+04 1.327995532954211740e+04
2.689027689156218003e+03 2.835164218745222115e+03 3.270221003856280277e+03 3.549145703680997030e+03 4.576455724633834507e+03 5.438769033090116864e+03 1.331471628533126568e+04 1.331471628532469731e+04
2.646609053124240745e+03 2.939384477726403020e+03 3.328206655367883286e+03 3.632531093308306936e+03 4.676517949989040062e+03 5.523962528464461684e+03 1.334628498727329679e+04 1.334628498882945132e+04
2.679853141165470788e+03 3.003004450910728337e+03 3.278528365273293275e+03 3.624808188395556499e+03 4.820109111866179774e+03 5.395823191866767047e+03 1.334624587185934070e+04 1.334624587525648531e+04
2.671966807244708434e+03 3.054987389887678546e+03 3.447694243426924004e+03 3.619005640878826398e+03 4.752053275059980479e+03 5.384653725505164402e+03 1.331880761172311759e+04 1.331880762750537542e+04
2.617029572265923434e+03 2.834506652578200374e+03 3.310185885003316344e+03 3.625918299017073878e+03 4.986261497727122332e+03 5.427154265022134496e+03 1.334023090742884233e+04 1.334023087684662460e+04
2.483084904854794786e+03 2.823287244872626616e+03 3.261777365450050638e+03 3.623945289851166763e+03 4.780531930735496644e+03 5.530711405446160825e+03 1.328844170182961352e+04 1.328844169703995067e+04
2.670720587202448314e+03 2.909247935691282237e+03 3.479721652257544065e+03 3.549749111869681201e+03 5.059846057866012416e+03 5.628346519535984044e+03 1.333636397099155147e+04 1.333636395989645098e+04
2.604799189696657777e+03 2.934943268333869582e+03 3.287893581858840662e+03 3.612713952996778062e+03 4.862731931004647777e+03 6.141764239773249756e+03 1.346976080576767890e+04 1.346976080042007561e+04
2.702781105632968320e+03 2.990868867172479440e+03 3.372598699220594881e+03 3.710664187807128656e+03 4.704335838257950854e+03 5.740844976738619152e+03 1.342531819459457984e+04 1.342531818478480091e+04
2.680783319144667075e+03 2.952908555657681973e+03 3.367731940580176342e+03 3.626665543934753714e+03 4.654707739090879841e+03 5.508772265355568379e+03 1.338943119015041520e+04 1.338943119917262447e+04
2.688601020126854110e+03 2.965673861002107969e+03 3.281133560302897877e+03 3.598789723547002723e+03 4.819459805756657261e+03 5.536681378312839115e+03 1.336513527029077159e+04 1.336513526568609268e+04
2.585654374923890373e+03 2.770983250385304927e+03 3.183092883796780370e+03 3.455045925181752409e+03 4.667068172977104950e+03 5.504946362911468896e+03 1.327601036275706610e+04 1.327601036117144758e+04
