3.813940762385237576e+03 3.799146965499173803e+03 3.739129139256121107e+03 3.676650490639528471e+03 3.460875970620952103e+03 3.197980257899733260e+03 2.144807266645897471e+03 1.825789675433374669e+03
3.862770004323443573e+03 3.864853116549770675e+03 3.834347464240673617e+03 3.801940470029119751e+03 3.549704649141198388e+03 3.324845861913783210e+03 2.059789377119472192e+03 2.059635142879028535e+03
3.727222160525497202e+03 3.705862488956653124e+03 3.611455894612397060e+03 3.503887791428264336e+03 3.021371166644863024e+03 2.648484209853444554e+03 1.801178406646150961e+03 1.845632906943954367e+03
3.418324541022728681e+03 3.382155457154888609e+03 3.289325431385832417e+03 3.207390647962472030e+03 2.829859745225777260e+03 2.551805696908956634e+03 2.159328709134857036e+03 2.159697625510865237e+03
3.843202511824362773e+03 3.811996744400407351e+03 3.657606348642447756e+03 3.554614681309170919e+03 3.191968820957010394e+03 2.843399069391110061e+03 1.979815041379186596e+03 1.981677895016694947e+03
4.031554768318568676e+03 4.014532594868405340e+03 3.960409572183196815e+03 3.909608088518587465e+03 3.617733636129858951e+03 3.123578486418465673e+03 1.692821825343289447e+03 1.656854311210030573e+03
3.806036277020635680e+03 3.799185699007113726e+03 3.789584330378154846e+03 3.754364644871780911e+03 3.521330602739358255e+03 3.238859503108625177e+03 2.080066241228107174e+03 1.843551492913157745e+03
3.642197994838363229e+03 3.624049655922903639e+03 3.555223015879143531e+03 3.498651651065837086e+03 3.272747198873803882e+03 2.975992990383361757e+03 1.938294657603644055e+03 1.909371744132545018e+03
3.793257432885109210e+03 3.768934100827316797e+03 3.678986193386976538e+03 3.581574566856041201e+03 3.223685492920476463e+03 2.988689824621602384e+03 2.520377816292957959e+03 2.437929154319766440e+03
4.235044469262508755e+03 4.226731501274463881e+03 4.137168068165025943e+03 4.055321542262800449e+03 3.650401141738852402e+03 3.416199268803673476e+03 2.339470202753128433e+03 1.988201539108138832e+03
3.565691568077449574e+03 3.550131009297843320e+03 3.482312342201961656e+03 3.403354283911262428e+03 2.978683574928779308e+03 2.668706221088564234e+03 2.001971484412810014e+03 1.769008810612599063e+03
4.029539937419287526e+03 3.980846221875355241e+03 3.837293341191821128e+03 3.736369240843951957e+03 3.224074261451891743e+03 3.022337939150971124e+03 2.555764940896336157e+03 2.216464620490172365e+03
4.435956591088401183e+03 4.415943677512728755e+03 4.342856419498652031e+03 4.279903011468076329e+03 3.875966732864509140e+03 3.487344415729772209e+03 2.103402823959777379e+03 1.960822530647468966e+03
4.075820402133057996e+03 4.047994433049283543e+03 3.947653901996264267e+03 3.840626895772666103e+03 3.280584846329561060e+03 2.824723963923486735e+03 1.851124853246231851e+03 1.864362086999632538e+03
3.582748876172179735e+03 3.570573953357876235e+03 3.523804510247353392e+03 3.473895958615014024e+03 3.209197889209229743e+03 2.977723640061281003e+03 2.338192546002678228e+03 2.199972456650983986e+03
3.722526334546577345e+03 3.706897753731518605e+03 3.648093175309514663e+03 3.582486289630083775e+03 3.253368598989583916e+03 2.986364761071929024e+03 2.280870188951307682e+03 2.208493385085414047e+03
4.391783860575585095e+03 4.368095222264295444e+03 4.293066605066116608e+03 4.226926844275440089e+03 3.821800952848889210e+03 3.386348410436916765e+03 2.157537520882473473e+03 1.898829995967847935e+03
3.773044329975634810e+03 3.751238301014221179e+03 3.682022880397254994e+03 3.589355826527618774e+03 2.994622514279945790e+03 2.612246203713745672e+03 1.786003136874327993e+03 1.790181687843740974e+03
3.694600807617488499e+03 3.673570281819809225e+03 3.599223325077562549e+03 3.523505174694418201e+03 3.177942470633885478e+03 2.879970002485975328e+03 1.902774552281004617e+03 1.714282586340987791e+03
4.015221577883421560e+03 3.984052624998550073e+03 3.870948781934085673e+03 3.786114250819421159e+03 3.357139832363754977e+03 2.913318929250857764e+03 1.945756293804203551e+03 1.945853700367217925e+03
3.750167747869198593e+03 3.729844272358296621e+03 3.650055140553427918e+03 3.559546987185796752e+03 2.977845889158559658e+03 2.469439257791900218e+03 1.826385597734653857e+03 1.828030427399764449e+03
4.378311834690281103e+03 4.339611953476983217e+03 4.202166456914007540e+03 4.083249144159676689e+03 3.604033745512631867e+03 3.167801219743319507e+03 1.960801091141124289e+03 1.902446920287070498e+03
3.729888129624852809e+03 3.718710520524149160e+03 3.656553408621164181e+03 3.582313307823958894e+03 3.132912908624436568e+03 2.765848829876520540e+03 1.928293993044615945e+03 1.928284353505373019e+03
4.880810901719940375e+03 4.840034779106236783e+03 4.686058254047571609e+03 4.537682797262411441e+03 3.735760086890194998e+03 3.269809759770684650e+03 2.329009760285121502e+03 2.098545025368594452e+03
3.683933082874775209e+03 3.673329730557232779e+03 3.634376425642171853e+03 3.598679515940046258e+03 3.374053999760285478e+03 3.180978127629236496e+03 1.996860518150060670e+03 1.817073416829239022e+03
3.792090720690412581e+03 3.778719943709632389e+03 3.729166151735173116e+03 3.670424850735345899e+03 3.245231859823933974e+03 3.007443044979663227e+03 2.249077593256153250e+03 2.096937893068918584e+03
4.378659006388448688e+03 4.368548242142977870e+03 4.308809510282744668e+03 4.233484572516244043e+03 3.774560661066254397e+03 3.419929416622057488e+03 2.221072870568771577e+03 1.985269500087818642e+03
3.165698259207773845e+03 3.139480448477625941e+03 3.072681156633406317e+03 3.014587673364825605e+03 2.636960386746596669e+03 2.267451354327709851e+03 1.856832500016838139e+03 1.896303112428082386e+03
3.669444069151589702e+03 3.650670204201066554e+03 3.577341386767730000e+03 3.508092527076668375e+03 3.162259893473538796e+03 2.901142693572729968e+03 1.824974110059720033e+03 1.778397404631541349e+03
3.956081779629204902e+03 3.920684666135121461e+03 3.799236936113998127e+03 3.685297786680336230e+03 3.265504099242234588e+03 2.990597117360137872e+03 2.028220874723987208e+03 1.931847385903729219e+03
