1.310254714846582225e+01 1.304458892049606789e+01 1.290898756980691786e+01 1.284590386679775698e+01 1.260802080021080585e+01 1.217480504056790735e+01 4.508413639358450631e+00 9.298952243396941819e-01
1.914281825554781236e+01 1.907033733399640596e+01 1.875180209670052989e+01 1.829668570023692453e+01 1.502474219203424610e+01 1.125927458999430897e+01 2.392268169972429082e+00 1.365357789469155092e+00
1.741440165013065666e+01 1.736669564888012829e+01 1.718551801158484338e+01 1.696962942735552460e+01 1.502263362404807623e+01 1.317899646501918198e+01 8.241252372999767317e+00 4.394741017733930555e+00
1.805268629398641522e+01 1.836111974406552960e+01 1.867720023827809683e+01 1.825053173646497129e+01 1.485789870209798380e+01 1.050074623406498731e+01 1.005874005356804046e+00 1.006427735527866352e+00
4.362550280931348823e+01 4.249726724121069310e+01 3.802649719272498174e+01 3.286471415951778141e+01 1.509285891464625173e+01 1.172531392297145736e+01 1.863713940237564648e+00 9.128060942783264853e-01
2.053817961083765198e+01 2.012990356462556818e+01 2.037434717869973611e+01 2.056629522914997565e+01 2.181495520870860005e+01 1.646091036309973887e+01 3.526296128668016117e+00 3.056111492826284692e+00
1.485040010864922522e+01 1.475559520581267492e+01 1.439810915778111600e+01 1.395350115316898787e+01 1.222266987617053324e+01 1.118255308073796961e+01 5.124528897492642621e+00 8.692696661301735350e-01
1.557503868356187304e+01 1.543247597362568158e+01 1.493114342393126215e+01 1.476498241135690570e+01 1.488772768484031417e+01 1.324670109046701683e+01 2.023949268137529955e+00 9.300715474213483436e-01
1.134544079721100474e+01 1.010562409824153818e+01 1.011662828839861206e+01 1.019799114089594738e+01 1.141761064797322689e+01 1.224674893762951733e+01 1.343427752051338686e+01 1.172589380249357482e+01
1.742469308342439049e+01 1.726062266844522242e+01 1.671000852583450325e+01 1.611148784647824073e+01 1.378223845227695143e+01 1.282730924226888902e+01 4.354446317915127374e+00 9.334878247270075313e-01
1.591944981915965229e+01 1.587922786634569583e+01 1.571426128456449689e+01 1.550751471745609322e+01 1.402792215622560690e+01 1.206362130794021859e+01 2.955462846946474542e+00 9.738901202319362183e-01
1.745265159039781722e+01 1.733501995283764430e+01 1.690518419623229818e+01 1.638374446557790876e+01 1.324918598694470795e+01 1.310308598223957688e+01 3.825568119013463164e+00 2.037249909426456451e+00
2.173067970049137543e+01 2.137576253991213093e+01 2.011553624200542245e+01 1.908871116428603543e+01 1.919638357180414090e+01 1.809169703502600868e+01 5.998346145609364299e+00 9.704227602953023890e-01
1.913230044208368952e+01 1.806215201401283466e+01 1.627536249878462726e+01 1.606486273819679766e+01 1.614362326462278929e+01 1.361969143345551458e+01 5.202598484468111018e+00 9.264791872979156739e-01
1.659644306019857751e+01 1.651144141226948037e+01 1.617001913189071161e+01 1.574353449396317828e+01 1.409977108385477251e+01 1.272396401717280945e+01 3.003225425584578279e+00 1.172384037908873688e+00
2.516037762203088590e+01 2.482663529695282634e+01 2.356330362629246267e+01 2.219036022764887406e+01 1.487479745436211331e+01 1.020188789058425449e+01 1.804219156828388071e+00 1.043903950082791354e+00
1.596569261388464867e+01 1.569621716507341702e+01 1.488539031599424334e+01 1.481427346964842684e+01 1.392402418422373600e+01 1.279262528876237326e+01 4.780592759438163419e+00 9.786690598218302783e-01
2.631252945503409180e+01 2.620453797540786312e+01 2.577268031522551439e+01 2.499283105158351148e+01 1.950513325738520720e+01 1.502578024546839330e+01 1.171455650621044287e+00 9.470499161770299379e-01
1.337515053931535469e+01 1.338232210038323089e+01 1.341117300662904199e+01 1.344753180581891172e+01 1.548272671967990988e+01 1.432534232267321883e+01 6.515265598608003472e+00 9.275192710210574676e-01
3.358577470375672647e+01 3.339456686404449925e+01 3.269431519111238060e+01 3.188488954691985811e+01 2.398130522920084928e+01 1.649352917071762903e+01 9.586080677066769473e-01 9.590335649685044483e-01
2.341535124547759139e+01 2.332285516371455003e+01 2.295244047685034161e+01 2.254904086566511623e+01 1.946072268123381122e+01 1.483328830496074247e+01 9.980985268999716942e-01 8.843657753956154499e-01
3.039288256218475226e+01 2.912382967645349652e+01 2.810780119421210088e+01 2.760154284114883794e+01 2.194238925513456451e+01 1.379240959027455737e+01 1.337733700856354124e+00 9.314652849724907036e-01
2.141730463808682927e+01 2.124473701872065234e+01 2.059328806400701950e+01 2.025068646959897478e+01 1.807370965108222904e+01 1.477502087296656086e+01 9.356652188771018563e-01 9.357067794464941635e-01
2.131572025597214193e+01 2.120952279965015563e+01 2.079056335530592747e+01 2.026818148415170029e+01 1.873505451627707430e+01 1.724157222764002739e+01 4.381671844085268219e+00 9.878665111720531522e-01
1.409175182324672093e+01 1.402982596899435208e+01 1.378107613802563236e+01 1.348192111375757207e+01 1.246562480500312731e+01 1.190044934383335651e+01 4.229977541079611214e+00 2.665776379898420867e+00
1.642506365164670257e+01 1.624705950220585393e+01 1.550970867668281095e+01 1.488394065024342972e+01 1.165824408805918289e+01 9.426261735994458490e+00 2.313190578118678786e+00 9.860449107198193675e-01
1.542936187112420221e+01 1.536652157403560004e+01 1.511522902642474619e+01 1.528374804741345727e+01 1.626936430801537270e+01 1.394284381752585134e+01 2.500151357789916151e+00 9.107968076494110665e-01
4.150661492155987986e+01 4.127141246612848136e+01 4.034825478767697149e+01 3.926850114762061850e+01 3.237491511378299691e+01 2.547765903882376293e+01 2.009436666008050931e+00 9.373073844167215674e-01
3.126306544143568544e+01 3.127190744950949508e+01 3.130124438011083043e+01 3.133662369494382460e+01 2.929895877173846230e+01 2.516083031095429590e+01 1.772686425038507041e+00 9.224689581030172114e-01
1.999992477632281762e+01 1.993663959370920580e+01 1.967084214212254523e+01 1.932804624059949106e+01 1.767287003551993152e+01 1.503366978102248375e+01 1.237704988499211955e+00 9.169267692910808565e-01
