3.546915105998669215e-01 3.555471052381404817e-01 3.632474569826029120e-01 3.727540640745318212e-01 4.235193459454320575e-01 4.553664797033938338e-01 5.976803878695693406e-01 6.563361536267705576e-01
3.708527426561460394e-01 3.737997908546439874e-01 3.795988211807205803e-01 3.869189086415058543e-01 4.391101815761954685e-01 4.705770510504800885e-01 6.307633805494818890e-01 6.325696358969483679e-01
3.516493963304496706e-01 3.517444624013689736e-01 3.639129194790379218e-01 3.781728301169312578e-01 4.346420762429888951e-01 4.682003992774978474e-01 6.291472573438540161e-01 6.450232911873752251e-01
3.625819944861679023e-01 3.670500998193744757e-01 3.801692176062363426e-01 3.956649871660804507e-01 4.663941439300313685e-01 5.125962543968057838e-01 6.268656716417910779e-01 6.270558037836295728e-01
3.673352980321323291e-01 3.706626105143074335e-01 3.816902747409449681e-01 3.890103622017301865e-01 4.477611940298507620e-01 4.815096492061983202e-01 6.360870805209620782e-01 6.415058465633615148e-01
3.369141553379598752e-01 3.381500142599106473e-01 3.412871946002471457e-01 3.491776784865481265e-01 3.847323890103622190e-01 4.264663941439300054e-01 6.637513071584751900e-01 6.893240802357638586e-01
3.453750356497766183e-01 3.463256963589694815e-01 3.543112463161897652e-01 3.636277212662800684e-01 4.142979370662610572e-01 4.541306207814431173e-01 6.027188896282916764e-01 6.866622302500238195e-01
3.728491301454510687e-01 3.746553854929176031e-01 3.857781157904743852e-01 3.952847228824032944e-01 4.306493012643787255e-01 4.647780207244034401e-01 6.435022340526665996e-01 6.571917482650442288e-01
3.086795322749310566e-01 3.113413822606711512e-01 3.203726589980036010e-01 3.308299267991253734e-01 4.028900085559463662e-01 4.556516779161517428e-01 6.048103431885160086e-01 6.050955414012738620e-01
3.362486928415248655e-01 3.393858731818614194e-01 3.461355642171309310e-01 3.564026998764140974e-01 4.109706245840859529e-01 4.539404886396045113e-01 5.642171309059796913e-01 6.511075197262097269e-01
3.767468390531419353e-01 3.785530944006084142e-01 3.880597014925373234e-01 4.005133567829641805e-01 4.477611940298507620e-01 4.816997813480368706e-01 5.850366004373038775e-01 6.633710428747979782e-01
3.369141553379598752e-01 3.390056088981842630e-01 3.482270177773552633e-01 3.587793516493963386e-01 4.080235763855880049e-01 4.373039262287289897e-01 5.184903507938016798e-01 5.713470862249263593e-01
2.924232341477326913e-01 2.947998859207148770e-01 3.021199733815001509e-01 3.167601483030706433e-01 3.791234908261241765e-01 4.151535317045346729e-01 6.000570396425515263e-01 6.387489305067021172e-01
3.247456982602909270e-01 3.281680768133852788e-01 3.378648160471527939e-01 3.511740659758532113e-01 4.202870995341762561e-01 4.935830402129480210e-01 6.655575625059416689e-01 6.748740374560319166e-01
3.347276357068162400e-01 3.367240231961213248e-01 3.444243749405836996e-01 3.543112463161897652e-01 3.912919479037931247e-01 4.268466584276071618e-01 5.675444433881547956e-01 6.232531609468581202e-01
3.650537123300693909e-01 3.676204962448901825e-01 3.749405837056754565e-01 3.817853408118642711e-01 4.208574959596919629e-01 4.660138796463542121e-01 5.696358969483791279e-01 5.862724593592546496e-01
3.161897518775548810e-01 3.194219982888107379e-01 3.321608517919954484e-01 3.372944196216370316e-01 3.753208479893526128e-01 4.091643692366194740e-01 5.642171309059796913e-01 6.360870805209620782e-01
3.433786481604715335e-01 3.448046392242608560e-01 3.603004087841049641e-01 3.700922140887917267e-01 4.392052476471147715e-01 4.868333491776785094e-01 6.496815286624203489e-01 6.491111322369046421e-01
3.703774123015495801e-01 3.727540640745318212e-01 3.850175872231200724e-01 3.963304496625154605e-01 4.608803118167126289e-01 4.962448901986881156e-01 6.159330734860728462e-01 6.724023196121304835e-01
3.195170643597299853e-01 3.232246411255823015e-01 3.406217321038121359e-01 3.559273695218176381e-01 4.364483315904553740e-01 4.738092974617358899e-01 6.395094590740564300e-01 6.396045251449757885e-01
3.256012928985644872e-01 3.289286053807395915e-01 3.408118642456507419e-01 3.533605856069968465e-01 4.176252495484361615e-01 4.813195170643597143e-01 6.849510409734765881e-01 6.865671641791044610e-01
3.252210286148873308e-01 3.268371518205152593e-01 3.350128339195740934e-01 3.478467534936781069e-01 4.147732674208575165e-01 4.614507082422283357e-01 6.512025857971289744e-01 6.700256678391481868e-01
3.513641981176918172e-01 3.545013784580283156e-01 3.669550337484551727e-01 3.789333586842855706e-01 4.717178439015115576e-01 5.190607472193173866e-01 6.411255822796844139e-01 6.411255822796844139e-01
3.016446430269036916e-01 3.046867572963209425e-01 3.159045536647970276e-01 3.269322178914345622e-01 4.142028709953417542e-01 4.570776689799410653e-01 5.814240897423709198e-01 6.122254967202205300e-01
3.675254301739709351e-01 3.685711569540831012e-01 3.785530944006084142e-01 3.838767943720886033e-01 4.441486833349177488e-01 4.685806635611750037e-01 6.157429413442342403e-01 6.724023196121304835e-01
3.276927464587888750e-01 3.285483410970624352e-01 3.346325696358969370e-01 3.414773267420857517e-01 3.980416389390626364e-01 4.402509744272269376e-01 5.516684095446334757e-01 6.104192413727540512e-01
3.299743321608518132e-01 3.309249928700446763e-01 3.372944196216370316e-01 3.433786481604715335e-01 4.115410210096016597e-01 4.619260385968247951e-01 6.045251449757581552e-01 6.538644357828691245e-01
3.558323034508983906e-01 3.590645498621541920e-01 3.681908926704059448e-01 3.793136229679627269e-01 4.422473619165319669e-01 4.990018062553474576e-01 6.277212662800646381e-01 6.376081376556707037e-01
3.391957410400228135e-01 3.418575910257629080e-01 3.548816427417054720e-01 3.679056944576480914e-01 4.326456887536838103e-01 4.609753778876319319e-01 6.274360680673067847e-01 6.413157144215229089e-01
3.427131856640365237e-01 3.466108945717273349e-01 3.589694837912348890e-01 3.735145926418861340e-01 4.267515923566879144e-01 4.608803118167126289e-01 6.279113984219032440e-01 6.531039072155148117e-01
