3.831039024510825784e-33 1.578275277441769980e-05 2.519804054473414549e-04 6.861673472579849593e-04 4.287363611974574079e-03 1.011186137520789056e-02 4.222772086050274182e-02 6.349812821889905257e-02
2.302371170273951613e-31 2.377193447359702037e-05 4.275547077202826798e-04 1.017780409816736349e-03 8.662850986450374227e-03 1.744535185104052755e-02 6.091480192083380263e-02 6.152744826209659290e-02
1.746037677149336178e-31 9.268966278958838299e-06 1.458773945658888992e-04 4.174023668505501944e-04 2.921396807879738083e-03 6.703746227461784661e-03 3.824588824649579472e-02 4.369873526320493251e-02
5.646618388300738590e-32 3.396373539552787298e-05 4.821608791494122102e-04 1.152550251463492189e-03 7.417594315480727056e-03 1.549222618935622298e-02 5.112055859292704424e-02 5.111411118976901674e-02
3.452099294912472732e-32 2.828053292721813662e-05 6.306980140114567743e-04 1.809484527201622511e-03 1.667394647951445791e-02 2.395108837048070746e-02 5.732004901548363313e-02 6.346701088741514563e-02
2.615100551513911439e-32 1.431683517707917037e-05 2.530041307832001118e-04 6.239618121980717354e-04 5.619648548421474557e-03 1.175788171807564189e-02 5.743213587053184327e-02 6.433945770659856012e-02
3.019025318228639734e-32 1.225065892269148481e-05 2.229303693169631690e-04 6.042060944176063644e-04 4.750529448170079903e-03 1.147593557744444083e-02 4.223610948600559079e-02 6.261568440174110350e-02
5.217708584469635461e-32 1.868979801510656805e-05 4.003598816172759074e-04 1.135704758665529671e-03 7.829556814564845799e-03 1.467047665243912183e-02 5.419364481081412332e-02 5.863138548631794539e-02
1.965489586488162764e-32 6.084014956203381234e-06 1.176572801923939061e-04 3.304397189376185565e-04 3.781578739891315599e-03 8.891117661481316367e-03 2.832884593318458002e-02 2.903911883224555290e-02
3.701949666076222159e-32 8.993448483203277693e-06 1.420640182087001596e-04 3.954247031941820426e-04 4.500160011615609960e-03 1.206678146408512488e-02 4.213213894868681614e-02 5.946536345549929131e-02
2.569294650133891094e-32 5.868586825792495017e-06 9.422899118252714738e-05 3.218636194509178383e-04 3.666929271477135672e-03 8.513836741217034251e-03 3.941677111460099164e-02 5.345713836819283860e-02
2.008770197885641422e-23 1.500967825495054518e-05 2.204000164433140673e-04 5.369742558362737821e-04 5.411543546628830303e-03 1.191418740076941908e-02 3.752532498671752592e-02 5.133126455333496263e-02
3.568696134788888803e-32 1.624621847798284323e-05 3.043120126125531963e-04 7.664286514298877763e-04 6.173071257738072665e-03 1.169350813642071329e-02 4.234229634285666122e-02 5.814784858327732425e-02
6.387841156086529105e-31 9.453702997143364960e-06 1.876001875657857718e-04 4.821517233220730262e-04 4.728629922572578914e-03 1.153434686386504288e-02 3.607070727610685312e-02 3.740144084435891719e-02
1.390833732811538862e-32 5.603698720215723873e-06 1.315863451375870452e-04 4.444492560575516536e-04 4.551837142476010574e-03 9.832284261084574262e-03 3.603907759710368169e-02 5.116164216676975796e-02
4.501470853800220655e-32 7.408765134567322397e-06 1.684662866221579023e-04 5.444910926800514877e-04 3.645583895787370046e-03 7.999625626578965587e-03 3.117083011219904873e-02 3.725502525743350918e-02
2.398563563171995487e-32 1.211120627423106029e-05 2.547006765055885927e-04 6.704788041900456783e-04 3.802780634915819968e-03 6.866215131434870098e-03 3.083068982351456003e-02 4.626060649618907866e-02
4.830440509165823903e-32 2.524543594017375364e-05 3.468286654368848824e-04 9.147233887637629254e-04 8.978396318592832270e-03 1.781704959930860421e-02 5.413316824145505274e-02 5.434728280083181429e-02
1.349192004284247345e-31 1.101703107535043945e-05 2.055453585944742759e-04 6.643748439825237530e-04 5.185867140634767974e-03 8.852003356039608167e-03 3.753293830282252580e-02 5.624792352941856977e-02
2.036280524984558489e-32 2.039453360312972835e-05 3.726809456337461289e-04 8.988191803810524627e-04 7.781877629103827604e-03 1.522022467276598796e-02 5.327622276881462809e-02 5.327173813032219651e-02
4.834604682018553225e-32 1.335665729042172524e-05 2.792361603248762398e-04 8.526475129386094443e-04 6.637064722639285895e-03 1.777728508965253917e-02 6.289388796136381743e-02 6.319466077773945589e-02
3.768576431719888564e-32 1.716741588891614002e-05 2.795228064358023980e-04 8.565526659177257005e-04 5.793372006991755890e-03 1.241780351576281770e-02 4.563988692114468587e-02 5.130983882967322940e-02
1.186789263027810190e-32 1.539606393617922657e-05 2.015541158408432944e-04 5.269984852282675984e-04 6.775850514884323474e-03 1.501908272166417417e-02 5.249123525718277922e-02 5.249152271141478698e-02
1.469953017013392957e-32 7.842476461893534988e-06 1.753241132267186679e-04 6.123219013856578269e-04 5.223548024885331376e-03 1.004504524294424529e-02 3.550826299328742330e-02 4.706451699071438621e-02
8.328345705458316980e-33 1.175450474585259163e-05 2.527325505845705355e-04 6.133520785871899835e-04 4.872768150035691748e-03 1.151390535876511446e-02 5.106177584709711836e-02 6.679385116417201063e-02
4.680530286467574357e-32 6.442867294220264054e-06 1.303253342288282176e-04 4.358634712818219284e-04 4.148219164603908493e-03 9.261447093655306509e-03 3.997008532834728928e-02 5.595354056914150775e-02
7.204019035221444010e-33 7.729814089042600522e-06 1.467967598304574051e-04 4.516500532158820055e-04 6.067829695536004070e-03 1.348537474920883869e-02 4.795460922284491140e-02 6.418511675659599458e-02
2.287796565289399700e-31 8.467695629259238213e-06 1.695991278851833597e-04 4.730245697200987373e-04 4.657623197435548437e-03 1.056431103858498748e-02 4.705777752160440752e-02 5.337011069882098557e-02
3.697785493223492838e-32 8.372977428964699368e-06 1.856398099632039858e-04 6.251847396556550664e-04 6.966027817782383114e-03 1.534859459194097900e-02 5.684095771382897955e-02 6.406623364868170578e-02
2.248653340473745667e-32 1.165243203442438762e-05 2.283887885124506419e-04 6.998432441381327931e-04 7.308164044474717985e-03 1.683134441330656761e-02 5.378162794299316124e-02 6.063727045767210166e-02
