54.8890838623 0.0 54.8890838623
14.0742912292 284.771486274 14.3590627155
4.48090171814 370.151867458 4.8510535856
1.78680884838 378.906841833 2.16571569021
0.872152030468 358.726072025 1.23087810249
0.498749285936 328.351635716 0.827100921652
0.319796264172 295.575802965 0.615372067136
0.22273118794 263.787847815 0.486519035754
0.165251612663 234.409696918 0.399661309581
0.128937512636 207.70793028 0.336645442916
0.104865260422 183.869878214 0.288735138636
0.0883351266384 162.808202924 0.251143329562
0.0766393393278 144.626798307 0.221266137635
0.0682265907526 128.803895554 0.197030486306
0.0620822049677 115.204291309 0.177286496277
0.0575661025941 103.685875301 0.161251977896
0.0541204102337 93.9006373412 0.148021047575
0.0515223890543 85.6077056823 0.137130094737
0.0495185032487 78.6268618694 0.128145365118
0.0479458421469 72.5208013799 0.120466643527
0.0467311665416 67.1029488121 0.113834115354
0.0457185804844 62.2159868705 0.107934567355
0.0449206680059 57.9607464645 0.10288141447
0.0442959405482 54.3568147499 0.0986527552981
0.0437922626734 51.2304480743 0.0950227107477
0.0433883853257 48.4243823257 0.0918127676514
0.0430502742529 45.9510674716 0.0890013417245
0.0427672117949 43.7584639897 0.0865256757845
0.042534712702 41.7561761987 0.0842908889008
0.0423368439078 39.9953914742 0.082332235382
0.0422015786171 38.3519341085 0.0805535127256
0.042062535882 36.88639276 0.078948928642
0.0419627055526 35.5774563357 0.0775401618883
0.041878156364 34.3514496748 0.0762296060388
0.0418104976416 33.2775757689 0.0750880734105
0.0417549461126 32.2767506311 0.0740316967437
0.0417117662728 31.3807209849 0.0730924872577
0.0416641458869 30.573723116 0.0722378690029
0.0416403859854 29.7718429482 0.0714122289335
0.0416160263121 29.0453224502 0.0706613487624
0.0415899530053 28.353358511 0.0699433115163
0.04155780375 27.770118696 0.069327922446
0.0415387153625 27.2465909307 0.0687853062932
0.0415155626833 26.7776034601 0.0682931661434
0.0414957925677 26.338178134 0.0678339707018
0.0414769053459 25.9370098478 0.0674139151937
0.0414647161961 25.6096827772 0.0670743989733
0.041452050209 25.3545492607 0.0668065994698
0.0414322651923 25.2246643781 0.0666569295703
0.0413986705244 25.1658688417 0.0665645393661
0.0413797721267 25.1039121662 0.0664836842929
0.0413687713444 25.0493786663 0.0664181500107
0.0413606539369 24.992449871 0.0663531038079
0.0413552001119 24.9322813881 0.0662874815
0.0413510911167 24.8694179101 0.0662205090268
0.0413537882268 24.8063216072 0.066160109834
0.0413513593376 24.7466235169 0.0660979828545
0.0413533747196 24.6959394177 0.0660493141373
0.0413543730974 24.639712707 0.0659940858045
0.0413565933704 24.6063527727 0.0659629461431
0.0413573607802 24.5774981847 0.0659348589649
0.0413572452962 24.5671854432 0.0659244307394
0.0413568615913 24.5511968078 0.0659080583991
0.0413576737046 24.542708132 0.0659003818366
0.0413597598672 24.5310952568 0.065890855124
0.0413588434458 24.524051344 0.0658828947898
0.041358590126 24.5221494355 0.0658807395615
0.0413587167859 24.5115187196 0.0658702355055
0.0413593240082 24.5092741021 0.0658685981103
0.0413583293557 24.5006579557 0.0658589873114
0.0413563996553 24.5014599173 0.0658578595727
0.0413574799895 24.4980452449 0.0658555252345
0.0413569621742 24.4931584402 0.0658501206143
0.0413575619459 24.4778540084 0.0658354159544
0.0413583889604 24.4832611428 0.0658416501031
0.0413588173687 24.473015772 0.0658318331407
0.0413597226143 24.4677062629 0.0658274288771
0.0413592904806 24.4633723629 0.0658226628435
0.0413583815098 24.4647351623 0.0658231166721
0.0413594841957 24.4581271611 0.0658176113568
0.0413598641753 24.4576593674 0.0658175235427
0.0413621515036 24.4454307973 0.0658075823009
0.0413616932929 24.4376814239 0.0657993747167
0.0413629487157 24.4393027085 0.0658022514241
0.041362144053 24.4358966807 0.0657980407337
0.0413635335863 24.4296343428 0.065793167929
0.0413634218276 24.4252726793 0.0657886945069
0.0413627438247 24.4196403167 0.0657823841414
0.0413631685078 24.4149174076 0.0657780859155
0.0413628220558 24.4035139835 0.0657663360393
0.0413625240326 24.3991604757 0.0657616845082
0.0413617230952 24.3947382514 0.0657564613466
0.0413614735007 24.3942322206 0.0657557057213
0.0413618348539 24.3930849323 0.0657549197862
0.041361849755 24.387471716 0.0657493214711
0.0413624495268 24.3881076231 0.0657505571498
0.0413619019091 24.3803396569 0.065742241566
0.0413616262376 24.3683943817 0.0657300206193
0.0413625054061 24.3714736902 0.0657339790964
0.0413633547723 24.3656390121 0.0657289937845
