54.8890838623 0.0 54.8890838623
18.1511154175 254.771105214 18.3549323017
6.88066148758 357.997524271 7.167059507
3.01985526085 391.782664451 3.33328139241
1.53118753433 392.042835324 1.84482180259
0.882019758224 377.277043066 1.18384139268
0.56336414814 355.905396611 0.848088465429
0.389388442039 331.891975828 0.654902022702
0.285628378391 307.609326742 0.531715839785
0.219345986843 284.189690754 0.446697739446
0.17472422123 262.103360476 0.384406909611
0.143424987793 241.438036115 0.336575416685
0.120754487813 222.274908947 0.29857441497
0.103917688131 204.605859953 0.267602376094
0.0911855921149 188.329914886 0.241849524024
0.0814131349325 173.435616481 0.220161628117
0.0738275200129 159.853428399 0.201710262732
0.0678446367383 147.658407776 0.185971362959
0.0630769580603 136.568331022 0.172331622878
0.0592385604978 126.571250906 0.160495561222
0.0561452135444 117.643160944 0.1502597423
0.053648121655 109.604497531 0.14133171968
0.0515933036804 102.469315091 0.133568755753
0.0498753115535 96.1577421049 0.126801505237
0.0484526976943 90.5473313369 0.120890562764
0.0472526401281 85.479252161 0.115636041857
0.0462345033884 80.9742957061 0.111013939953
0.0454086326063 76.7750648458 0.106828684483
0.0447256937623 72.9552578892 0.103089900074
0.0441090464592 69.4116665056 0.0996383796636
0.0435873903334 66.1408666055 0.0965000836178
0.0431362502277 63.1157927693 0.0936288844431
0.0427332930267 60.3923633515 0.0910471837079
0.0423972271383 57.9653329504 0.0887694934986
0.0421106182039 55.7523746646 0.0867125179355
0.041870906949 53.7288956606 0.0848540234775
0.0416611172259 51.864544317 0.0831527526795
0.0414719246328 50.1380080799 0.0815823310967
0.0413051769137 48.5021406634 0.0801068894445
0.0411574952304 47.0000903524 0.0787575675123
0.0410277917981 45.5565137032 0.0774730027607
0.0409102588892 44.2164321176 0.0762834045833
0.0408159382641 43.0015035349 0.0752171410921
0.0407346338034 41.8599843349 0.0742226212713
0.0406539253891 40.8225442407 0.0733119607816
0.0405885875225 39.83293612 0.0724549364185
0.0405337139964 38.9086484138 0.0716606327275
0.0404812432826 38.0461480667 0.0709181617359
0.0404304638505 37.2527346515 0.0702326515717
0.0403928235173 36.4794037882 0.0695763465479
0.0403674729168 35.744815477 0.0689633252984
0.0403352938592 35.0375683574 0.0683653485451
0.0403134599328 34.3986346726 0.0678323676709
0.0403008684516 33.7877165278 0.0673310416738
0.0402840673923 33.2124713 0.0668540444324
0.0402688831091 32.6659796001 0.0664016667891
0.0402531996369 32.1489961823 0.0659723965828
0.0402368828654 31.6590188005 0.0655640979058
0.0402236357331 31.1824472988 0.0651695935722
0.0402097031474 30.7101856649 0.0647778516793
0.0401960201561 30.2496222613 0.0643957179652
0.0401834174991 29.8147015388 0.0640351787301
0.040170095861 29.3922873031 0.0636839257035
0.0401627570391 28.9976613517 0.0633608861204
0.0401528961957 28.641868958 0.063066391362
0.0401421040297 28.3241967365 0.0628014614189
0.0401313565671 28.016949602 0.0625449162488
0.0401221886277 27.7300349471 0.0623062165854
0.0401159785688 27.4356322016 0.0620644843301
0.0401126407087 27.1731430825 0.0618511551747
0.0401091873646 26.9389311072 0.0616603322504
0.0401079766452 26.7484369504 0.0615067262055
0.0401015728712 26.5863413582 0.0613706459578
0.0400910153985 26.4874531735 0.0612809779373
0.0400743186474 26.429007896 0.0612175249642
0.0400585643947 26.3937379451 0.0611735547508
0.0400461778045 26.3623304165 0.0611360421377
0.0400402545929 26.317033786 0.0610938816217
0.040035136044 26.2820339839 0.0610607632311
0.0400345474482 26.2385791737 0.0610254107872
0.0400326624513 26.2001379807 0.0609927728358
0.0400290340185 26.1717760589 0.0609664548656
0.0400277897716 26.1373536939 0.0609376727267
0.0400275886059 26.0983127776 0.060906238828
0.0400266982615 26.0595098902 0.0608743061737
0.0400258973241 26.0276801187 0.060848041419
0.0400262027979 25.9925378096 0.0608202330456
0.0400261990726 25.9640966622 0.0607974764024
0.0400255098939 25.934158026 0.0607728363147
0.0400270856917 25.9164541391 0.060760249003
0.0400260910392 25.9072848534 0.0607519189219
0.0400255993009 25.896088164 0.0607424698321
0.0400254540145 25.8964344064 0.0607426015397
0.0400247462094 25.8889451561 0.0607359023343
0.0400259904563 25.8789775579 0.0607291725026
0.0400268808007 25.8776414624 0.0607289939707
0.0400267280638 25.8759284877 0.060727470854
0.0400261506438 25.8789164532 0.0607292838064
0.0400258302689 25.8733987693 0.0607245492843
0.0400265716016 25.8614787744 0.0607157546212
