54.8890838623 0.0 54.8890838623
4.51719236374 322.134912076 5.16146218789
0.835331678391 278.918920864 1.39316952012
0.278378129005 198.965658771 0.676309446547
0.134448200464 134.370440761 0.403189081986
0.0845267474651 91.6639098507 0.267854567166
0.0645777881145 65.4080120865 0.195393812288
0.0553736686707 49.2140358119 0.153801740294
0.0508705973625 39.9174334744 0.130705464311
0.0486958213151 33.2364645699 0.115168750455
0.0476784184575 28.449292724 0.104577003906
0.0471424087882 25.3968831399 0.097936175068
0.0468105636537 23.5213607583 0.0938532851703
0.0465302541852 22.6108791319 0.0917520124491
0.046352814883 22.2682377329 0.0908892903488
0.046322863549 21.9658778412 0.0902546192313
0.0463327392936 21.7148679316 0.0897624751567
0.0463277362287 21.6143673003 0.0895564708293
0.046306502074 21.5600357245 0.0894265735231
0.0463025197387 21.5054351001 0.0893133899388
0.0463056862354 21.4679000574 0.0892414863501
0.0462995767593 21.4369305833 0.0891734379259
0.0462949946523 21.4082563111 0.0891115072745
0.0462988093495 21.38490181 0.0890686129696
0.0462988950312 21.3701726127 0.0890392402565
0.0462988615036 21.3317445758 0.0889623506552
0.0463014170527 21.3154737138 0.0889323644804
0.0463016331196 21.2818139578 0.0888652610352
0.0463039837778 21.2682821806 0.0888405481389
0.0463060475886 21.2500916232 0.088806230835
0.046309761703 21.216003973 0.0887417696491
0.046305090189 21.1900075568 0.0886851053027
0.0463093742728 21.1634450022 0.0886362642772
0.0463103801012 21.148314916 0.0886070099332
0.0463080629706 21.1243707128 0.0885568043962
0.0463096126914 21.1241780723 0.088557968836
0.0463106296957 21.1071809562 0.088524991608
0.0463122688234 21.1046215088 0.0885215118409
0.0463141202927 21.0905447868 0.0884952098663
0.0463097542524 21.0822507378 0.088474255728
0.0463119000196 21.0670277419 0.0884459555034
0.0463124886155 21.051952003 0.0884163926216
0.0463114157319 21.0353123893 0.0883820405105
0.0463095605373 21.0196362333 0.088348833004
0.0463082231581 21.0063103678 0.0883208438938
0.046308606863 20.9866001666 0.0882818071963
0.0463074333966 20.9698099162 0.088247053229
0.0463084056973 20.964694033 0.0882377937633
0.0463087409735 20.9437728976 0.0881962867687
0.0463122054935 20.9282501733 0.08816870584
0.0463111586869 20.9222991872 0.0881557570612
0.0463082790375 20.9058304302 0.0881199398979
0.0463055148721 20.8970237981 0.0880995624683
0.0463093966246 20.8931483906 0.0880956934057
0.0463121086359 20.8797846289 0.0880716778936
0.0463095121086 20.8643945752 0.088038301259
0.0463101677597 20.8526862825 0.0880155403246
0.0463108867407 20.8447065809 0.0880002999025
0.0463090538979 20.833449835 0.0879759535679
0.0463124401867 20.8131717121 0.0879387836109
0.0463133603334 20.8062925598 0.0879259454531
0.0463119000196 20.7944541031 0.0879008082259
0.0463120639324 20.7801384785 0.0878723408895
0.0463122650981 20.7725850346 0.0878574351672
0.0463119260967 20.7563686797 0.0878246634561
0.046306759119 20.7456104089 0.0877979799368
0.0463088899851 20.7330958305 0.0877750816461
0.0463100522757 20.7266116328 0.0877632755412
0.0463083907962 20.7090005429 0.087726391882
0.0463111400604 20.6984547176 0.0877080494957
0.0463106706738 20.6872267585 0.0876851241908
0.0463122986257 20.6766807025 0.0876656600306
0.0463111363351 20.6684025527 0.0876479414405
0.0463085770607 20.6577071452 0.0876239913511
0.0463073849678 20.6458082122 0.0875990013922
0.0463091768324 20.6361753956 0.0875815276236
0.0463086105883 20.6248885624 0.0875583877132
0.0463078990579 20.6217707218 0.0875514405014
0.0463098734617 20.6105267197 0.0875309269012
0.0463111698627 20.6037297145 0.0875186292917
0.0463108718395 20.595227036 0.0875013259115
0.0463111549616 20.5849939035 0.0874811427686
0.0463116690516 20.5743643852 0.087460397822
0.0463148094714 20.5688255167 0.0874524605047
0.0463134907186 20.5598965837 0.0874332838861
0.0463126935065 20.5577328537 0.0874281592139
0.0463109016418 20.5527633597 0.0874164283613
0.0463111326098 20.5452720112 0.0874016766323
0.0463122799993 20.5377693683 0.0873878187358
0.0463128611445 20.530396617 0.0873736543785
0.0463118180633 20.5274020535 0.0873666221702
0.0463112071157 20.5211531379 0.0873535133915
0.0463101863861 20.5121642715 0.0873345149291
0.0463099628687 20.5081397849 0.0873262424386
0.0463113449514 20.5035000539 0.0873183450593
0.0463126599789 20.4981699656 0.08730899991
0.0463132709265 20.4936347148 0.0873005403561
0.0463142581284 20.489348841 0.0872929558104
0.046313662082 20.4835215909 0.0872807052637
0.046312879771 20.4797180913 0.0872723159535
