54.8890838623 0.0 54.8890838623
15.9645557404 270.979994692 16.2084377356
5.52738189697 366.186069719 5.85694935972
2.30186510086 387.609804966 2.65071392533
1.14105165005 377.190763157 1.48052333689
0.653872132301 354.140636533 0.972598705181
0.418373346329 326.405235707 0.712138058465
0.290232002735 297.982203194 0.55841598561
0.21391287446 270.639928693 0.457488810284
0.165324449539 245.165522696 0.385973419966
0.132790863514 221.717728322 0.332336819004
0.110166445374 200.300753599 0.290437123613
0.0939809381962 180.927809637 0.256815966869
0.0821366012096 163.546519577 0.229328468829
0.0733096450567 148.169907572 0.206662561872
0.0666073411703 134.555563611 0.18770734842
0.0614724084735 122.502749953 0.171724883432
0.0575301982462 111.983109366 0.158314996675
0.0544343590736 102.862944318 0.14701100896
0.0519659072161 94.8973505443 0.137373522706
0.0500270649791 87.9876840554 0.129215980629
0.0484546385705 81.9890514158 0.122244784845
0.0471734441817 76.644061657 0.116153099673
0.0461676381528 71.8679972573 0.110848835684
0.0453095585108 67.4693530996 0.1060319763
0.0445785298944 63.5064054336 0.101734294785
0.0439753979445 59.9442102027 0.0979251871269
0.0434927791357 56.8058616098 0.0946180545846
0.0430907607079 54.0846550037 0.0917669502112
0.042756550014 51.6056934023 0.0892016740761
0.0424706414342 49.3642541814 0.0868984701975
0.0422314070165 47.31952552 0.0848189799845
0.0420189574361 45.4458682178 0.0829202388321
0.0418376550078 43.735358965 0.0811994780763
0.0416815765202 42.1421300377 0.0796094935541
0.0415596440434 40.7279056798 0.0782147591553
0.04145738855 39.4221030421 0.0769372812879
0.0413566753268 38.2085453093 0.0757443661052
0.0412750020623 37.1041171204 0.0746687074707
0.0412134379148 36.0860657169 0.07369089706
0.0411508977413 35.1106406745 0.0727504743484
0.0411066412926 34.2004710237 0.0718870652139
0.0410723164678 33.3914324009 0.0711246056286
0.041048206389 32.6347506671 0.0704194819893
0.0410213842988 31.910661739 0.0697409798639
0.04100189358 31.2585554032 0.0691345934428
0.0409787520766 30.6390062688 0.0685538577185
0.0409604944289 30.0405931348 0.0679970282502
0.0409347787499 29.4655852239 0.0674538054514
0.040912039578 28.9043441458 0.0669259493092
0.0408962145448 28.4131157118 0.0664680186854
0.040885835886 27.9742443821 0.0660626558299
0.0408695302904 27.5784302243 0.0656901174922
0.0408513098955 27.1998649041 0.0653311883092
0.0408393740654 26.843945469 0.0649989249875
0.0408297255635 26.4992445202 0.0646790456317
0.0408249050379 26.2195084627 0.0644224626543
0.0408184453845 25.9819915634 0.0642022377915
0.0408037900925 25.8281993062 0.0640491694681
0.0407862663269 25.7406671235 0.0639528667381
0.0407624952495 25.6977720264 0.0638904900733
0.0407493636012 25.6511685986 0.06383541534
0.0407419726253 25.6093997524 0.0637904324024
0.0407347604632 25.5661181137 0.0637442667656
0.0407297499478 25.5104170868 0.0636891253259
0.0407256409526 25.4688061493 0.063647566487
0.0407242625952 25.4122174798 0.063595258327
0.0407253503799 25.3693732695 0.0635577863225
0.04072419554 25.321078133 0.0635131658597
0.0407233126462 25.2746318741 0.0634704813328
0.0407247021794 25.2291615453 0.0634309475702
0.0407262444496 25.1869199464 0.0633944724014
0.0407259315252 25.1770082004 0.0633852389056
0.0407269671559 25.1697465115 0.0633797390163
0.0407264977694 25.1557970346 0.0633667151005
0.0407258719206 25.1469074866 0.0633580886585
0.040726210922 25.1542571152 0.0633650423257
0.0407272428274 25.1351155003 0.0633488467777
0.0407267361879 25.1309957478 0.063344632361
0.0407271794975 25.1238413896 0.0633386367481
0.0407269895077 25.1202888215 0.063335249447
0.0407265126705 25.1053870021 0.0633213609724
0.0407260283828 25.117046939 0.0633313706279
0.0407260358334 25.1121303684 0.0633269531649
0.0407272465527 25.1067126421 0.0633232879306
0.040727622807 25.1003115305 0.0633179031845
0.0407269597054 25.1000669194 0.0633170199328
0.0407271683216 25.0963001168 0.0633138384267
0.0407266914845 25.0848746415 0.0633030786618
0.0407278165221 25.0828087726 0.0633023444175
0.0407294072211 25.0737804143 0.0632958095939
0.0407289862633 25.0717285372 0.0632935419468
0.0407304018736 25.0656926635 0.0632895252708
0.0407304726541 25.0627890439 0.0632869827936
0.040730189532 25.0606277697 0.0632847545247
0.0407307371497 25.0523059601 0.0632778125138
0.0407311394811 25.0515633735 0.0632775465172
0.0407310798764 25.0469301572 0.0632733170179
0.0407314673066 25.0417404165 0.0632690336815
0.040731407702 25.032321816 0.0632604973364
