7.502923617536007441e+03 7.318846927448778843e+03 6.324421117373753077e+03 6.340712488653462970e+03 4.972862925677700332e+03 3.885924511427487232e+03 2.430089340799266665e+03 1.720885155638951346e+03
9.913329691186097989e+03 8.291575041180551125e+03 7.871404209902670118e+03 7.584921980943063318e+03 5.753771392300352090e+03 4.813516998774885906e+03 2.112507605548635638e+03 1.746763247011215526e+03
7.696365191084531943e+03 7.262812127215237524e+03 6.316169274637442868e+03 6.610475846481655026e+03 4.012052245777769713e+03 3.072115317753028194e+03 2.069970486113787047e+03 1.876636821988226984e+03
6.542315288712326947e+03 6.694215380602546247e+03 5.616154150977356039e+03 5.494302550864194018e+03 3.769186742958230752e+03 3.040781635558028029e+03 2.161497099531442927e+03 1.889563873237844518e+03
7.316961523699841564e+03 7.587902934117206314e+03 5.942879955705235261e+03 6.669548194076030995e+03 4.576107049082338563e+03 3.720249100803811416e+03 2.457701850464505242e+03 1.687034681153467545e+03
7.371835759244320798e+03 8.043623889188314024e+03 7.220434342714061131e+03 5.642419794754870964e+03 5.088625442497273070e+03 4.367021868384186746e+03 2.341954725311051789e+03 1.713057375369274496e+03
5.374674802732418357e+03 5.615608639419664541e+03 5.009275216932075637e+03 4.875043195870284762e+03 4.296271485429884706e+03 3.756006920786099727e+03 2.335237404729418358e+03 1.598657715633210501e+03
5.271951022443281545e+03 5.760719657490382815e+03 4.909173255988818710e+03 4.761344545689709776e+03 3.661709138867459387e+03 3.147138999466962559e+03 2.222986685263786512e+03 1.845540240561650535e+03
9.964871049697132548e+03 9.316659205377158287e+03 7.992476877101308673e+03 7.820325030422836790e+03 5.933199110222181844e+03 4.955529560282763669e+03 2.175693653757680295e+03 1.460900434006401383e+03
4.740150900517743139e+03 4.714466373866666800e+03 4.506227819752632968e+03 4.334736718271782593e+03 4.309912861592025365e+03 3.500059548853685556e+03 2.447388317170466962e+03 1.912565776557480149e+03
7.638175670965611062e+03 6.812136837289948744e+03 6.863446628677836998e+03 5.740686873296791418e+03 4.439078088582306009e+03 3.830161834424193785e+03 2.289822196956858534e+03 1.691741033113049980e+03
5.233604602998980226e+03 5.410887695480279035e+03 4.695473683021757097e+03 4.621483185887978834e+03 4.191903484285769991e+03 3.626528539379307404e+03 2.520864777431764651e+03 1.952497273432968541e+03
7.338230483177499082e+03 7.462880705773480258e+03 7.218190978601773168e+03 6.890454781656326304e+03 5.330070096202680361e+03 4.062664492369906384e+03 1.827628008646491026e+03 1.460174353064518527e+03
8.755496932286336232e+03 7.018921718132700335e+03 7.364269501755663441e+03 6.112983485788394319e+03 4.269495353970359247e+03 3.187328983254809827e+03 1.922720733726135222e+03 1.570100523974647331e+03
7.605306561437758319e+03 8.542170740260553430e+03 8.088997569640857364e+03 6.158914427651161532e+03 5.280446606352659728e+03 4.190129918355911286e+03 2.159334842945305354e+03 1.609784663090202912e+03
4.985812490746349795e+03 5.630100620994982819e+03 4.447647103625031377e+03 4.789469716521949522e+03 3.695100957552608179e+03 2.993874785069002428e+03 1.933975456111443236e+03 1.699583368506431270e+03
6.573075950898292831e+03 6.854755612595623461e+03 5.747527589972767601e+03 6.162222172151481573e+03 4.083668694728342416e+03 3.886990132451033332e+03 2.045276484852575777e+03 1.659372094344687412e+03
8.167313211961565685e+03 7.219024415481129836e+03 7.272031225554618686e+03 6.460693956658352363e+03 5.187929855859427335e+03 3.961225178466595935e+03 1.972039010369906691e+03 1.544897667949162496e+03
8.892780366020895599e+03 7.610083438121901054e+03 6.739805735102299877e+03 6.009601913229212187e+03 4.574284514886926445e+03 3.869276862574577535e+03 2.405430370224551552e+03 1.807301950201695490e+03
1.015039482459780447e+04 1.038705647488491923e+04 8.832186613499801751e+03 8.812493264885930330e+03 7.991900025253603417e+03 6.086619381678210630e+03 1.837740354017093523e+03 1.545363225727945064e+03
8.240796813230637781e+03 7.528252271898281833e+03 7.274690850195447638e+03 7.776440456471835205e+03 5.450653015051344482e+03 4.659181564156870081e+03 1.908622414859832361e+03 1.534801390081362570e+03
7.628007299916800548e+03 8.358610046402405715e+03 7.172418237423723440e+03 7.534723470173485111e+03 5.534186991922164452e+03 4.049523157699341937e+03 1.874328605255514958e+03 1.334824651482835861e+03
8.955030906181718819e+03 8.729070565959002124e+03 7.930944082158918718e+03 7.673410311801104399e+03 5.220572988176947547e+03 4.341313023709286426e+03 1.793315271215959910e+03 1.527849934536423689e+03
7.447398101001464056e+03 7.339775968314048441e+03 6.408113437268060807e+03 6.427459148638893566e+03 4.678594898609861048e+03 3.198603913465605274e+03 2.019728330588970039e+03 1.604057799949272749e+03
7.674013105466678098e+03 6.413325672534361729e+03 6.702668128813494150e+03 6.349919849322184746e+03 4.990397877104584040e+03 4.079813305074213531e+03 2.148717123425585214e+03 1.580662478457265479e+03
8.693537432594059283e+03 8.363444882395233435e+03 7.596699786735845919e+03 6.381142356347538225e+03 5.609324003388315759e+03 4.375494856633054951e+03 2.272170484702888189e+03 1.715559401727011164e+03
8.993430402681426131e+03 8.136257721702382696e+03 7.467603919362998568e+03 7.294445995541886077e+03 5.651876594610528628e+03 4.337058519294545476e+03 2.194029654222772479e+03 1.724320585118998679e+03
7.045774441317292258e+03 7.386602528211163190e+03 5.635111512330393452e+03 5.153162721129129750e+03 4.328337045115488763e+03 3.483951480525323859e+03 2.230362071106738313e+03 1.524066603353081064e+03
8.921271952330554996e+03 7.695382773081161758e+03 8.015539073940683920e+03 6.857608868089801945e+03 5.231681485798576432e+03 4.208572862105943386e+03 2.354516425455119133e+03 1.761297565883685365e+03
8.243310836887187179e+03 7.727224922722488373e+03 6.664354738616855684e+03 6.961538621446336037e+03 5.522692824214364009e+03 4.373493098794762773e+03 1.982797171329476669e+03 1.758398584713802848e+03
