1.226965247788159097e+01 1.094299193993289343e+01 9.540169518793760517e+00 8.403171038092493106e+00 5.610821348679216669e+00 4.613151381593977085e+00 2.533574616387888057e+00 1.668645473589573269e+00
1.392256487161210643e+01 1.250350114249116196e+01 1.098940985807283077e+01 1.000390617799623527e+01 6.617510877567077898e+00 5.315801474821181927e+00 2.085457546946689167e+00 1.658656247558718322e+00
1.304120758226717314e+01 1.223622481080542812e+01 1.138852295742866438e+01 1.022341296808695432e+01 5.075786434921513823e+00 3.317773976952240300e+00 2.315650646220594133e+00 1.844621025264982617e+00
1.153366640552503597e+01 1.127890681388309346e+01 8.934280514540033025e+00 8.968575261957498768e+00 4.507264674489604772e+00 3.612127946767132336e+00 2.087516574965246008e+00 1.607114215853998385e+00
1.179933502960414060e+01 1.089454694901773379e+01 1.024691633896732590e+01 8.493631346053303943e+00 5.064800425715459298e+00 4.279874679120041492e+00 2.428156023869607161e+00 1.701497706229426532e+00
1.172135775449580741e+01 1.070600209301668393e+01 9.468760973547714954e+00 8.858819969697000474e+00 6.595843962450143039e+00 4.841149809714416996e+00 2.683315523227101540e+00 1.786459498944759750e+00
7.098980586658273140e+00 6.713527240690645215e+00 6.116517709471074760e+00 5.826288028213018499e+00 4.610156499768637950e+00 4.254267155048476745e+00 2.523435210280162266e+00 1.776182614697374706e+00
8.371117114361336320e+00 9.030918884920518863e+00 7.323485043058576061e+00 7.058489670303970343e+00 4.860441026036006029e+00 3.655199345420534485e+00 2.139990261155519047e+00 1.765078244942839270e+00
1.079771572802193980e+01 1.067759960009585818e+01 9.586775618868285775e+00 1.044752964430757203e+01 7.650501369346359049e+00 5.931820619359775115e+00 2.001206029580762102e+00 1.344276938632131824e+00
6.198007571074435340e+00 5.830103023839996013e+00 5.783756342392750049e+00 5.640622701104844872e+00 4.972902863088600078e+00 4.486918115655972983e+00 2.638826789565567488e+00 1.817370731185744326e+00
1.164340789746004745e+01 1.078390978666162425e+01 9.882449499821113648e+00 8.217857644910894876e+00 5.443999954601642877e+00 4.441805315423638767e+00 2.258292524495819631e+00 1.667808762365956321e+00
6.279843753785128158e+00 5.790998675512690319e+00 5.786869269644904001e+00 5.103613995848032658e+00 4.904858833744372149e+00 4.432868959279694820e+00 2.848716739778725415e+00 2.060592726631003124e+00
1.199753712615118495e+01 1.053610532559374846e+01 9.737698918878489707e+00 9.319939898357443298e+00 6.543560425235617650e+00 4.062616092957169300e+00 2.274827170254732689e+00 1.646617584716542959e+00
1.310704157738384801e+01 1.184117408327038845e+01 1.061460371357085819e+01 9.621202179372319918e+00 5.464638102908227602e+00 3.756911923638558637e+00 1.720160027497183997e+00 1.448732633946078874e+00
9.942103189115869100e+00 1.011438271464720806e+01 8.546801246085221848e+00 7.718735906863354757e+00 5.447188655473289565e+00 4.343197681664117127e+00 2.280654228442220877e+00 1.708387627104426265e+00
6.685932461725857756e+00 6.725195646164916496e+00 6.503225167212770330e+00 6.433527021678798974e+00 5.137581774324479156e+00 4.615883082649729019e+00 2.080937603916374279e+00 1.594476502965337605e+00
1.362400957558440417e+01 1.195187179318716630e+01 1.135207591183610809e+01 1.071503889418787558e+01 4.986035855842949616e+00 4.594291387050925657e+00 2.192344608082424262e+00 1.575087196810994516e+00
1.071952770551071410e+01 1.025313251217626132e+01 1.028731080472336679e+01 9.542498553492666957e+00 7.058229054783933698e+00 4.597604976049898262e+00 2.202928902280870460e+00 1.553352729696144685e+00
1.176971152755887573e+01 1.093112114005502633e+01 9.975148662743032801e+00 8.296028687132404045e+00 5.737997252318083774e+00 4.488608690565795811e+00 2.425779311014245376e+00 1.626516621575509358e+00
1.347641300374247741e+01 1.210472878989299694e+01 1.171555060288217121e+01 1.111572260752369701e+01 8.811400523495004578e+00 6.882979829740178523e+00 1.979582356154499845e+00 1.566711833000328458e+00
1.101073008999198599e+01 1.130707244069323458e+01 1.000348790923107067e+01 9.007911229331082126e+00 5.991941476440891812e+00 4.186222486542359178e+00 2.121970218898927119e+00 1.538488305080672802e+00
1.172029004590787693e+01 9.914161754319493980e+00 9.945043999489918463e+00 9.070317835449374755e+00 7.854163455426808937e+00 5.275150485275111656e+00 2.003666335835557533e+00 1.523254598274161431e+00
1.383670856454610743e+01 1.289965338938203665e+01 1.177692484156159125e+01 1.075544987192766477e+01 7.102922674333952635e+00 5.239236189897763296e+00 2.168173678227205414e+00 1.551230891229154141e+00
1.175382453551055839e+01 1.159274749418707806e+01 9.608288283058286083e+00 8.430496629453129387e+00 4.941400662113899500e+00 3.802723780956068556e+00 2.027552258149406761e+00 1.532292379380873371e+00
1.043216187548669716e+01 9.581544747268830875e+00 8.698969340965771124e+00 8.128560066179501220e+00 5.825033357702056769e+00 4.617713386403049292e+00 2.475713704710354346e+00 1.614639053168348992e+00
9.538961092239958361e+00 9.457283235781003938e+00 8.354398673456646662e+00 8.033482619420588833e+00 6.143014847794028732e+00 4.393691557453149876e+00 2.307906973107610948e+00 1.656974827953771268e+00
1.075684882928361574e+01 1.041107477324361064e+01 9.132832079006643511e+00 9.110197586664195768e+00 6.614326539017604034e+00 4.870266341068774985e+00 2.592407963580597219e+00 1.783305987718904362e+00
1.162877090536397517e+01 1.173939683328210393e+01 9.466328869789979450e+00 9.220347538897938122e+00 4.726246257978398368e+00 4.283759001687141854e+00 2.462898677909929113e+00 1.672077392570217258e+00
1.413798258084954362e+01 1.120114590411657751e+01 1.129374897684456514e+01 1.060786549573221116e+01 7.161968017806445097e+00 4.704222789391671711e+00 2.400127498121135350e+00 1.853578267894610443e+00
9.240337270816395332e+00 9.119524800774469142e+00 8.530137075860741547e+00 8.191602413485910006e+00 6.288943929935301824e+00 4.742873347702212250e+00 2.200809120034964650e+00 1.638549325533587675e+00
