3.060176822891909620e-01 3.214183857781157672e-01 3.286434071679817381e-01 3.699020819469531207e-01 4.139176727825839008e-01 4.374940583705675401e-01 5.670691130335583363e-01 6.406502519250879546e-01
3.099153911968818287e-01 3.167601483030706433e-01 3.375796178343948850e-01 3.448997052951801590e-01 4.181005799030326209e-01 4.659188135754349092e-01 5.971099914440536338e-01 6.450232911873752251e-01
2.949900180625534829e-01 3.035459644452894734e-01 3.350128339195740934e-01 3.484171499191938137e-01 4.170548531229204547e-01 4.662990778591120655e-01 5.791425040403079816e-01 6.114649681528662173e-01
3.097252590550432783e-01 3.229394429128243926e-01 3.321608517919954484e-01 3.657191748265044007e-01 4.342618119593117387e-01 4.890198688088221446e-01 5.905504325506226726e-01 6.288620591310961627e-01
3.040212947998859327e-01 3.141933643882498517e-01 3.520296606141268270e-01 3.561175016636562440e-01 4.256107995056564453e-01 4.508983743701872604e-01 5.838958075862724639e-01 6.457838197547295378e-01
3.056374180055138057e-01 3.116265804734290601e-01 3.255062268276452397e-01 3.622967962734099934e-01 4.066926513927179299e-01 4.316950280444909471e-01 5.797129004658237994e-01 6.346610894571727002e-01
3.214183857781157672e-01 3.232246411255823015e-01 3.681908926704059448e-01 3.653389105428272443e-01 4.215229584561270282e-01 4.367335298032132274e-01 5.776214469055993561e-01 6.429318376271508928e-01
3.368190892670405723e-01 3.365338910542827189e-01 3.666698355356973194e-01 3.641030516208765277e-01 4.380644547960833024e-01 4.773267420857496002e-01 5.994866432170358195e-01 6.364673448046391790e-01
2.813005038501758537e-01 2.915676395094590756e-01 3.060176822891909620e-01 3.227493107709858422e-01 3.728491301454510687e-01 3.961403175206768545e-01 5.822796843806445910e-01 6.772506892290142133e-01
3.630573248407643061e-01 3.593497480749120454e-01 3.885350318471337827e-01 3.963304496625154605e-01 4.132522102861488911e-01 4.652533510789998994e-01 5.756250594162942713e-01 6.182146591881357844e-01
3.074436733529803401e-01 3.167601483030706433e-01 3.314953892955604386e-01 3.439490445859872403e-01 4.219032227398041845e-01 4.593592546820040035e-01 5.826599486643216919e-01 6.318091073295940552e-01
3.371993535507177286e-01 3.314003232246411357e-01 3.668599676775358698e-01 3.588744177203156416e-01 4.104002281585701906e-01 4.551763475615552834e-01 5.442532560129289543e-01 5.927369521817663633e-01
3.042114269417244832e-01 3.000285198212757631e-01 3.310200589409639793e-01 3.437589124441486899e-01 4.025097442722692098e-01 4.357828690940203642e-01 6.019583610609373636e-01 6.521532465063218931e-01
2.601958361060937586e-01 2.692271128434262084e-01 3.012643787432265352e-01 3.185664036505371222e-01 4.026998764141078158e-01 4.439585511930791983e-01 6.107044395855119046e-01 6.751592356687897700e-01
2.939442912824413168e-01 3.068732769274645777e-01 3.354881642741705527e-01 3.322559178629147514e-01 3.837817283011693004e-01 4.258959977184142986e-01 5.701112273029755872e-01 6.310485787622397424e-01
3.642931837627150782e-01 3.608708052096206709e-01 3.778876319041734044e-01 4.028900085559463662e-01 4.595493868238425539e-01 4.712425135469150983e-01 6.027188896282916764e-01 6.541496339956269779e-01
3.002186519631143691e-01 3.075387394238995875e-01 3.384352124726685007e-01 3.507938016921760549e-01 4.007034889248027310e-01 4.393003137180340190e-01 6.072820610324175528e-01 6.628006464492822714e-01
3.296891339480939043e-01 3.301644643026903636e-01 3.566878980891719508e-01 3.727540640745318212e-01 4.377792565833253935e-01 4.783724688658617663e-01 6.068067306778210934e-01 6.718319231866146657e-01
3.339671071394619273e-01 3.287384732389010411e-01 3.478467534936781069e-01 3.691415533795988080e-01 4.336914155337959764e-01 4.764711474474759845e-01 5.641220648350603328e-01 6.403650537123301012e-01
3.039262287289666298e-01 3.077288715657381934e-01 3.310200589409639793e-01 3.299743321608518132e-01 3.699020819469531207e-01 4.037456031942199819e-01 6.157429413442342403e-01 6.773457552999334608e-01
2.901416484456697531e-01 3.060176822891909620e-01 3.166650822321513403e-01 3.311151250118832823e-01 3.853027854358779258e-01 4.253256012928985919e-01 5.882688468485597344e-01 6.498716608042589549e-01
3.145736286719270081e-01 2.830116931267230851e-01 3.023101055233387013e-01 3.066831447856260273e-01 3.835915961593307499e-01 4.290331780587508526e-01 5.877935164939632751e-01 6.688848749881167732e-01
3.112463161897519037e-01 3.214183857781157672e-01 3.382450803308299503e-01 3.544063123871090681e-01 4.174351174065976111e-01 4.521342332921380325e-01 5.995817092879551780e-01 6.554805589884969974e-01
2.945146877079570236e-01 2.849130145451088669e-01 3.176157429413442590e-01 3.244605000475330181e-01 3.913870139747124277e-01 4.494723833063979379e-01 6.290521912729346576e-01 6.848559749025572296e-01
3.278828786006274254e-01 3.322559178629147514e-01 3.507938016921760549e-01 3.747504515638368505e-01 4.115410210096016597e-01 4.477611940298507620e-01 5.830402129479989037e-01 6.471147447475995573e-01
2.999334537503565157e-01 3.140982983173305487e-01 3.268371518205152593e-01 3.634375891244414625e-01 3.961403175206768545e-01 4.378743226542446965e-01 5.720125487213613136e-01 6.386538644357828698e-01
3.128624393953797767e-01 3.230345089837436956e-01 3.263618214659187999e-01 3.526000570396425338e-01 3.974712425135469296e-01 4.335963494628766735e-01 5.675444433881547956e-01 6.254396805780016999e-01
3.185664036505371222e-01 3.305447285863675200e-01 3.419526570966822110e-01 3.654339766137465473e-01 4.221884209525620379e-01 4.627816332350984108e-01 5.746743987071014637e-01 6.438824983363438115e-01
2.888107234527996781e-01 2.819659663466109190e-01 3.360585606996862595e-01 3.414773267420857517e-01 3.907215514782774179e-01 4.219982888107234320e-01 5.739138701397471509e-01 6.216370377412301362e-01
2.701777735526190716e-01 2.801597109991443846e-01 3.102005894096396821e-01 3.312101910828025297e-01 3.858731818613936881e-01 4.198117691795797968e-01 5.918813575434926921e-01 6.293373894856925110e-01
