1.439547702124194890e-04 1.789297334826593015e-04 4.482557916552527963e-04 8.456069074933629482e-04 3.710165513401537073e-03 6.621598986596915516e-03 2.373321892361278385e-02 3.915673701047821947e-02
2.668238515718795436e-04 2.871385066511475642e-04 9.222853355925302293e-04 1.400726899136771472e-03 5.956237186626156012e-03 9.401945990557282126e-03 3.147949939102127892e-02 3.880607105864199852e-02
5.369754303316456173e-05 8.301118506281966454e-05 1.913081784081707292e-04 4.734407267756746292e-04 3.362212756696672609e-03 6.337320238191983084e-03 1.614001911681377244e-02 2.282194582372345376e-02
1.354716669846522058e-04 1.438860972290852407e-04 4.638364972812070663e-04 9.177633310159450568e-04 4.837518772694378820e-03 7.604562424996183685e-03 2.185400947651206655e-02 2.905915691040676305e-02
5.764795085295672049e-05 1.625023280600233983e-04 7.493317928013779310e-04 1.172808444710848885e-03 5.073113358140808431e-03 7.461310639897740342e-03 2.537777915794124997e-02 3.886441722302219626e-02
4.720864994761645632e-04 4.177021468676948650e-04 8.686191954829392426e-04 1.375098287983215779e-03 3.900588509601231844e-03 6.885557360656166005e-03 2.452339088993043745e-02 3.797616619352581907e-02
3.033114274954108801e-04 3.414347937563958955e-04 8.315589879187467370e-04 6.527174493868297556e-04 2.752272900105763413e-03 5.371459952800109079e-03 2.385578154294040049e-02 3.700904028101132531e-02
1.045532483254013904e-03 9.617001505633773154e-04 1.317493191500541212e-03 1.666633585005065704e-03 4.992988514288226008e-03 8.703662655401090201e-03 2.284381654850633006e-02 2.990603769525633851e-02
2.396678979770915373e-05 4.024017690465338915e-05 1.888840232521195794e-04 4.348308464658988751e-04 2.379480693941260147e-03 5.733808081458316615e-03 2.560961146478750797e-02 3.479642658407509220e-02
9.300830012818855192e-05 9.661456629090633226e-05 1.912877942586172636e-04 3.866787073010970860e-04 2.178917780620344240e-03 5.038128939566837751e-03 2.094584760435879225e-02 3.258377431528967222e-02
3.044000719131934103e-05 4.838417196579552896e-05 3.222618275316354577e-04 8.500534214126347424e-04 4.313728259993498265e-03 7.939807555009077006e-03 2.469633225666062123e-02 3.411884359999878963e-02
3.443178348481892403e-04 3.753354473694940673e-04 4.744054465087952244e-04 7.522781982044170679e-04 3.066869099726594449e-03 5.257378099453889619e-03 1.894064219406205521e-02 2.984117518557697496e-02
2.868837000266895396e-04 3.748660436721562897e-04 7.095645106823432946e-04 1.064981326741942748e-03 5.068267938142209314e-03 9.898216681700025901e-03 2.631204488562919122e-02 3.540046004440641075e-02
1.092039268800680090e-04 2.045074799091280203e-04 3.146352088476273012e-04 7.899224816845236245e-04 4.536553937188019490e-03 7.859587877993363253e-03 2.107103064426090258e-02 2.550170973692492821e-02
1.786561226449774717e-04 1.378270159853267575e-04 3.156398718589580130e-04 8.319953599399637720e-04 4.452171048960398662e-03 7.731245388817268617e-03 2.215733459306139241e-02 3.098502429409592807e-02
3.508649822283780532e-04 3.507896373419521147e-04 4.778155368096192492e-04 7.835067331592843708e-04 2.464594031699564487e-03 4.754265975017820528e-03 1.805034892900845081e-02 2.406785027648924297e-02
3.137317830252289480e-04 3.596844738962973469e-04 5.777202489516352311e-04 8.607957965460216613e-04 4.759498256269396356e-03 7.555228816654374104e-03 2.384771632775039077e-02 3.265568010462559234e-02
4.977486919596253463e-05 1.184892891406256370e-04 3.651206544432785686e-04 8.123856543674253666e-04 4.655754192750052693e-03 9.162498643230434017e-03 2.654170581356663644e-02 3.626379986988195747e-02
3.627983219616608959e-04 3.663249728544328747e-04 7.788154883042866300e-04 1.262552977299239050e-03 4.999571225455113309e-03 8.193098169196263991e-03 2.426110669483731372e-02 3.494551133514745694e-02
2.438883175678466871e-04 2.267173287015019213e-04 4.441841896508107092e-04 6.806531785286800426e-04 2.556342743733266022e-03 5.864878813099898627e-03 3.100536489999597758e-02 3.963922103083247078e-02
1.164544015336531493e-04 1.427759177411989412e-04 3.449571029696281693e-04 5.936322505081960800e-04 4.538358239025599809e-03 8.307261327339256207e-03 2.671223401420103755e-02 3.882321244050409431e-02
4.388420803340993824e-05 8.328994145060917046e-05 2.292683987576913643e-04 6.993195412677320278e-04 3.466657653623517014e-03 8.569375354574242099e-03 2.802474339103332504e-02 3.627042062011165413e-02
2.317287936471042816e-04 1.921215094890224085e-04 6.313872466275753138e-04 9.082177497667864256e-04 4.576671292513836108e-03 8.597917625085179857e-03 2.776657600015458235e-02 3.635078443002251469e-02
2.122253600895509997e-04 2.906438112291855947e-04 4.166720790823000460e-04 7.675181938689468490e-04 3.653237459904850465e-03 7.534333394516931973e-03 2.420802056451319684e-02 3.232993607666310304e-02
1.717485772117781535e-04 1.210296424226966870e-04 4.208444226513849981e-04 7.777041515925086669e-04 3.902208532623399704e-03 7.352566648414886503e-03 2.644352198338342091e-02 4.113739946623960059e-02
3.062556067078969898e-04 3.569995438018144394e-04 5.768884813505325768e-04 8.716320703846967746e-04 3.807020498474352008e-03 7.724253734702218703e-03 2.384039787262064169e-02 3.269483973842976510e-02
1.120949611384854382e-04 1.503653766741296733e-04 4.407852640636794671e-04 6.520830616163776064e-04 3.815223982464343785e-03 6.996932645480563075e-03 2.570305636487126705e-02 3.794787891437498978e-02
1.622937146427220402e-05 6.655403940081079336e-05 2.156416601210894954e-04 5.636175762272603324e-04 3.651064917040480751e-03 6.071930845777568329e-03 2.041919206744722062e-02 3.246665211100039500e-02
3.478487230526498115e-04 3.840968863659251589e-04 6.916130997934191813e-04 1.217014408244776729e-03 4.413456372199240675e-03 8.545201240457562381e-03 2.350863170469216432e-02 3.271957467419490256e-02
7.159627598159682815e-04 7.092944904924093456e-04 9.599935337742064980e-04 1.416065990671216274e-03 4.214729346985466793e-03 8.194609325851292397e-03 2.714100579698288523e-02 3.572323611724523285e-02
