1.341118218096774654e+05 1.232903100831499614e+05 9.604915587833417521e+04 7.767334831623815990e+04 5.189487544049393182e+04 5.156860035058487847e+04 5.177993729688085295e+04 5.183236583002510451e+04
1.207198185427191347e+05 1.122487283324064192e+05 8.923439749882370234e+04 7.302480553163548757e+04 4.741384695798395114e+04 4.697853910771041410e+04 4.670602053359147976e+04 4.671857599235432281e+04
1.203756755981173046e+05 1.133528884529873903e+05 9.125906352521400549e+04 7.393918720064569789e+04 4.858181746628839755e+04 4.873907910277904011e+04 4.914205732144063950e+04 4.905936865691901767e+04
1.396125578220127209e+05 1.318967767664495041e+05 1.075796194437481900e+05 8.656340072955943469e+04 5.423048846371809486e+04 5.357717983702284982e+04 5.345160355044522294e+04 5.350124485054582328e+04
1.413300610334132798e+05 1.324451514474353753e+05 1.059887473371270025e+05 8.589020746170720668e+04 5.758690755425113457e+04 5.762811613464114635e+04 5.760326336458964215e+04 5.760414407981931436e+04
1.306065328688540321e+05 1.237927990190611599e+05 1.018776614542368625e+05 8.377772229537347448e+04 5.552028887743244559e+04 5.469449267886263988e+04 5.403522693340418482e+04 5.392177557666767098e+04
1.221099862115658907e+05 1.172185415403324587e+05 1.016440539038126299e+05 8.964622325931530213e+04 6.023821554823056795e+04 5.974616097760384582e+04 5.981702943510523619e+04 5.984682342609973421e+04
1.124950023927591101e+05 1.057196818990890315e+05 8.921606365427767741e+04 7.723212429264688399e+04 5.708430601681030384e+04 5.742237460515020939e+04 5.736511310735838924e+04 5.733009768061488285e+04
1.129762697165054997e+05 1.072023559901635163e+05 9.055467353666783310e+04 7.868580268220849393e+04 5.884034392519651010e+04 5.839172376348159742e+04 5.814017419830261497e+04 5.814418452771820012e+04
1.170019264094545797e+05 1.075335172937465832e+05 8.778004292380859260e+04 7.445091690911581099e+04 5.496427780088401778e+04 5.426034197405568557e+04 5.405388589979001699e+04 5.406114894065194676e+04
1.275181099490031775e+05 1.198209817138496146e+05 9.829379691370359797e+04 7.974006130150480021e+04 5.647468964813221100e+04 5.628122529019493959e+04 5.656590274005725223e+04 5.657384287467810645e+04
1.318516346048182168e+05 1.237868050343195500e+05 1.019209736162911722e+05 8.529622462793423620e+04 6.122857003200339386e+04 6.033555037653863110e+04 6.005706421921498986e+04 6.005687280593865580e+04
1.281568933837925579e+05 1.210199926217258617e+05 1.022735935866553627e+05 8.603638252157675743e+04 5.852811538425891922e+04 5.805999551155984955e+04 5.778524174353816488e+04 5.773004030394153233e+04
1.394200278202377376e+05 1.289319723996522662e+05 1.028500078731625254e+05 8.542429684125696076e+04 5.840898229946079664e+04 5.818224687114835979e+04 5.822524625462394033e+04 5.815397209691303578e+04
1.364492140962779813e+05 1.311158656164311396e+05 1.090518076495756686e+05 8.830563447265715513e+04 5.913336224031216261e+04 5.902140467950791935e+04 5.869043573431406548e+04 5.855835744621584308e+04
1.357748987369198876e+05 1.290082820627396723e+05 1.104584848676201800e+05 9.284311994936969131e+04 6.071794154142383923e+04 6.020840626311724918e+04 6.018187480834747839e+04 6.021032085455229389e+04
1.286288187961015356e+05 1.217595788205674326e+05 1.026174947686793021e+05 8.832454827803530497e+04 6.570941618440930324e+04 6.500667831656029011e+04 6.502716858794778091e+04 6.501436931771506352e+04
1.139860280318453151e+05 1.085847445208477584e+05 9.283546864856567117e+04 7.994649460860584804e+04 6.701063022518044454e+04 6.580841524170080083e+04 6.551088258372827113e+04 6.539355447767294390e+04
1.191598019466836704e+05 1.126256920980762661e+05 9.490937059150240384e+04 7.951535441942923353e+04 5.395408690892718732e+04 5.385074704912941525e+04 5.424680178684435668e+04 5.426405411245061987e+04
1.211998892621651466e+05 1.119707374340302922e+05 8.928575879746954888e+04 7.428899805993218615e+04 5.539465684109980066e+04 5.475011147047278064e+04 5.532780205388506147e+04 5.532511484975198982e+04
1.369725849852144602e+05 1.278211367513738951e+05 1.018261056747568218e+05 8.094711586496798554e+04 5.406176395851339475e+04 5.382604422571445321e+04 5.406978702096694178e+04 5.407294307497263071e+04
1.283680745961535576e+05 1.197064676280676940e+05 9.642377339340595063e+04 8.092282565026439261e+04 6.512663375678166631e+04 6.433172703917407489e+04 6.383722894590149372e+04 6.371430491684838489e+04
1.276229861836968776e+05 1.171571951963948813e+05 8.973833391127872164e+04 7.351245111039142648e+04 5.706438229886432964e+04 5.706620197462953365e+04 5.710062734560065292e+04 5.706044024711806560e+04
1.275147267426699109e+05 1.214752528713037027e+05 1.005874943095478375e+05 8.252193966211166116e+04 5.361827150546328630e+04 5.295664012950965116e+04 5.281797181606695085e+04 5.279143044495159120e+04
1.365536555521932314e+05 1.255179522486815695e+05 9.722565385266971134e+04 7.908308663286453520e+04 5.318395505405317817e+04 5.320609059016702668e+04 5.339616202848531975e+04 5.338939723998255067e+04
1.382323248626101704e+05 1.297003423499036435e+05 1.002706042478742747e+05 7.689369244111193984e+04 4.653240185897781339e+04 4.635931037639033457e+04 4.623039108228318946e+04 4.622739844043238554e+04
1.408712388940484961e+05 1.320150155383633391e+05 1.029594473407028272e+05 8.246326760498470685e+04 5.818976549624446488e+04 5.765559386051636102e+04 5.719220503076895693e+04 5.722950115705775534e+04
1.040421744104594254e+05 9.615042366820391908e+04 7.853607088447798742e+04 6.982596617256051104e+04 5.291267906800861965e+04 5.427277523471807217e+04 5.429615077745392773e+04 5.428433079753778293e+04
1.392757341018213192e+05 1.320978446947776538e+05 1.092771592742383800e+05 9.102260197352379328e+04 5.717542555708430154e+04 5.693588155761698727e+04 5.695181464206348755e+04 5.695945075371421990e+04
1.396187946333606960e+05 1.287968771219218324e+05 9.896589707848793478e+04 7.561521002853500249e+04 4.725086649144324474e+04 4.732608694429970637e+04 4.762851754627931223e+04 4.763754317613365129e+04
