8.356985856824043367e+03 6.424570367705661738e+03 1.027464669489028347e+04 4.682486504323045665e+03 4.331120434791532716e+03 3.413116070512598526e+03 1.793766973217176144e+02 1.760987929377066052e+02
3.180467666586239375e+03 2.974477645038697574e+03 2.714691128430401477e+03 2.387871762857255362e+03 5.140053716683706853e+02 2.428199944945836251e+02 9.566529901030747851e+00 1.470979647675079249e+01
2.757993476389103762e+03 2.597890010252153843e+03 2.179596037691980200e+03 1.803059454478664975e+03 1.312669173333540130e+03 9.744755968539662945e+02 4.581147124388733971e+01 4.413044225150387945e+01
2.360625779359267199e+03 2.219895230885546880e+03 1.852469538333167975e+03 1.506005470145805930e+03 1.861788663821546834e+03 1.950349387675313210e+03 8.878358444568381174e+02 7.620139498018320410e+02
3.166701645317708881e+03 3.397159912061812520e+03 4.491592301021327330e+03 4.403153237597078260e+03 2.471966333170373673e+03 4.906975219268035175e+02 9.951064662792010296e+00 1.559765400858833395e+01
1.274354146418211258e+03 1.604550771948460124e+03 1.501260138351879050e+03 1.132559724014045969e+03 1.182576441077294476e+03 7.963385001502823570e+02 3.315982689693656198e+02 2.937709594185322430e+02
3.215797891356070977e+03 3.229488488134171348e+03 3.133482324495097146e+03 3.015119828423602485e+03 5.217062103788649665e+02 4.812563400031059473e+02 1.050901303537315528e+02 3.555593385257574113e+01
9.698467513396577488e+03 8.359771690984603993e+03 5.597965770442575376e+03 4.740925743666706694e+03 4.176808306433198595e+03 2.789591677245711253e+03 4.856303865383398488e+02 4.129935239327274417e+02
1.136242449540007101e+03 1.229231161050099900e+03 1.422323677384673374e+03 1.289519398295849442e+03 2.913373129859029973e+02 2.215158341642529649e+02 5.400401568890582205e+00 3.156313695194343349e+00
3.165346529656928851e+03 3.113809103993031840e+03 4.331954423959798078e+03 3.423551745348582699e+03 1.457413644598489554e+03 3.213255442124123533e+02 8.281569093494758249e+01 5.773584513194773393e+01
4.918643776747578158e+03 4.755964392153457084e+03 4.630436370021434414e+03 4.468781667011838181e+03 2.263378379367367870e+03 9.976116191549336918e+02 8.877298833840914938e+01 5.802811405101770958e+01
8.731657093340636493e+03 8.356222707870965678e+03 6.385936450366883946e+03 6.019533194468228430e+03 2.496848845578416331e+03 5.253173307951448123e+02 9.456406317794860072e+00 9.848181206567412360e+00
2.378043849974321802e+03 2.536807089430462838e+03 2.536340402692052521e+03 2.102972474887046246e+03 6.012577478796656578e+02 5.064761232099910444e+02 1.371779401659734390e+02 6.728485782059158282e+01
6.393462262558084149e+03 5.623424136067434119e+03 4.315498293310323788e+03 3.845095722572359591e+03 1.605311986211245312e+03 7.512059193025642116e+02 3.859991429918909489e+01 1.418242129588973022e+01
2.218824555897413575e+03 2.262938894310972501e+03 1.833913132265688091e+03 1.697526420368484196e+03 7.892928686693122700e+02 1.953001944866666690e+02 3.484474813448020569e+01 6.505122320555488002e+00
1.675803676854235846e+03 2.348224885759796507e+03 3.325725602830119442e+03 2.198624588283315006e+03 1.124263194469323707e+03 8.768986201637509339e+02 1.046722076588094978e+02 3.841965702042084274e+01
2.014244498979493073e+03 2.070311062790640335e+03 2.504950569097138214e+03 2.117089241112211766e+03 8.858551000535571802e+02 5.291407216567146179e+02 1.263112123265585929e+01 9.887416913975421551e+00
1.656073044327158186e+03 1.852858622835564802e+03 2.789097938032875845e+03 2.336799517402378569e+03 7.704188487770363736e+02 5.850574265477439440e+02 5.923962958062019624e+01 3.727801968962748447e+01
1.483402166466312337e+03 1.374318886842512711e+03 1.430776466401545576e+03 1.867702583471888374e+03 1.103821394827501081e+03 8.413850226983138327e+02 2.103676831529455740e+02 5.857697944186617178e+01
5.215630059079472630e+03 4.942644992745860691e+03 7.544295614593821483e+03 9.174803470923226996e+03 2.811057787011557139e+03 1.459422949983544868e+03 1.293025595289708818e+01 6.033089020482859333e+00
4.286389296918903710e+03 3.990194483649162521e+03 3.305030261520761087e+03 2.871870611508584261e+03 4.271515768841097270e+03 2.698059512062462545e+03 4.702470718104135585e+02 4.133702633214546722e+02
4.773540916419824498e+03 3.993937926392705776e+03 3.324132165202931901e+03 2.591561890630416656e+03 9.415710878885092825e+02 3.796698291149159559e+02 2.049194813615779651e+02 1.545653309146725007e+02
7.310165166264815525e+03 6.889121971569720699e+03 6.045382247689291034e+03 5.909202595875233783e+03 4.085751049066792802e+03 2.618132956138387271e+03 9.565238962393417310e+00 1.259206851793166848e+01
3.493877631180524077e+03 7.228126340534309747e+03 6.097120553394495801e+03 3.561295198572716345e+03 1.599408184819725193e+03 5.080871671656482249e+02 1.299502416002624159e+02 4.787830093609063198e+01
8.389848536285393493e+03 6.528554405268913797e+03 6.183261260931159995e+03 4.947224804146911083e+03 2.453805225251263892e+03 6.718834788802186040e+02 5.725762994809341677e+01 3.271438682703536927e+01
5.927741967845490763e+03 5.286407874197176170e+03 8.387750278271276329e+03 1.004983150706994638e+04 3.711434489426527762e+03 2.437915759912017620e+03 1.727489941380806471e+01 9.620681264707986458e+00
1.112240692495103212e+04 8.710652225362142417e+03 5.272516106805291201e+03 4.666482908933964609e+03 1.722347698161697053e+03 6.997137745608338264e+02 2.776441484224377731e+01 5.426884264328252527e+01
2.752398913585807350e+03 3.108990088991497487e+03 7.632394775001253947e+03 7.463613806509068127e+03 3.187638155489757992e+03 8.141713294055919050e+02 9.764052747596960558e+01 3.041122084513679980e+01
1.190147572078185249e+03 1.089680678481691757e+03 9.307026578052025343e+02 9.102104106947515447e+02 9.743685827327291236e+02 8.006537284827360281e+02 5.676537557839096593e+01 4.525395204107206837e+01
6.848967457692388052e+03 6.858257644549257748e+03 7.582434762146924186e+03 7.764319356587157927e+03 2.421396339816448744e+03 6.274844874249587292e+02 1.952251630396035864e+01 3.694878237277168154e+01
