7.832573532153020990e-01 7.977893274779730426e-01 8.415735675222515422e-01 8.731802769697555311e-01 9.110330014042540281e-01 9.116103802001134238e-01 9.112213186605194748e-01 9.111515361239337363e-01
8.014170634552679751e-01 8.143210971726602132e-01 8.519568265961321440e-01 8.792207680476280540e-01 9.169367951844313858e-01 9.177550671202849841e-01 9.182177348970994579e-01 9.181861893668621377e-01
8.047771403881247565e-01 8.163505262845961452e-01 8.513670207732095818e-01 8.791605447626293923e-01 9.207251265883891200e-01 9.208799864640997423e-01 9.200817889565789942e-01 9.202328251316548302e-01
7.901323669567261732e-01 8.026827083653966799e-01 8.402199774975217528e-01 8.718591884004217585e-01 9.131800093107110827e-01 9.141846866525126236e-01 9.143041772973510284e-01 9.142018933053693841e-01
7.859004862791282298e-01 7.978074900559884997e-01 8.368159280073644846e-01 8.680297522146396272e-01 9.068422255084804817e-01 9.069712754049059633e-01 9.070276749892697277e-01 9.070295868395871208e-01
7.930326438882446816e-01 8.047044900760629282e-01 8.422283762559661380e-01 8.703077218678395566e-01 9.080495589839280290e-01 9.093706475532618017e-01 9.105110662675998112e-01 9.106544550414058525e-01
7.951308996116076555e-01 8.056451204322311321e-01 8.374908111694119306e-01 8.612551106148796931e-01 9.036465677029213994e-01 9.044820462916317583e-01 9.043539523203649733e-01 9.043176271643340591e-01
8.113472140039211800e-01 8.247349458516194387e-01 8.558722960461979667e-01 8.759056195972304559e-01 9.055268724900989996e-01 9.048777993073365833e-01 9.051320753995528712e-01 9.052209764393126523e-01
8.088121004830289840e-01 8.187298240046190223e-01 8.487353588112879210e-01 8.701318316386373874e-01 8.997626437830928969e-01 9.006095934737077258e-01 9.011038067807595198e-01 9.011009390052834300e-01
8.019982659517621570e-01 8.171630626694974531e-01 8.580193039526549104e-01 8.826420241906420827e-01 9.112672030681373547e-01 9.126982230307224553e-01 9.131780974603935785e-01 9.131790533855523861e-01
7.915844172728029315e-01 8.032199383045902641e-01 8.407925766675875545e-01 8.711986441157548722e-01 9.097950783237278571e-01 9.102500986992726473e-01 9.097778716708710967e-01 9.097740479702363103e-01
7.879184442891596918e-01 8.013128676129688266e-01 8.380328207343991087e-01 8.675403185333814271e-01 9.024870304854092362e-01 9.041455606357666763e-01 9.046177876641682269e-01 9.046091843377398467e-01
7.950037615654995671e-01 8.071669532848934070e-01 8.403633662713279051e-01 8.666388811087202271e-01 9.036666421312542496e-01 9.046464654189294574e-01 9.052525219695499725e-01 9.053366433835162708e-01
7.875800467829772167e-01 8.019265715648590254e-01 8.412103159619427339e-01 8.679542341271017092e-01 9.053882633420864412e-01 9.059407880838193927e-01 9.059522591857238627e-01 9.060679261299274811e-01
7.910959395167033170e-01 8.008396846594086904e-01 8.344633961917853338e-01 8.647595322467013235e-01 9.056148176047000842e-01 9.058480633434247142e-01 9.064082354864273494e-01 9.066022882936448646e-01
7.952819357866833805e-01 8.047293441301893724e-01 8.327140531513507193e-01 8.583079933505846082e-01 9.040776899494984420e-01 9.048978737356694335e-01 9.049428022181287279e-01 9.049055211369391172e-01
8.008320372581390068e-01 8.112057370804325318e-01 8.404589587871986733e-01 8.607551617568757196e-01 8.872983356387061926e-01 8.886098649564527774e-01 8.887274437509739000e-01 8.887522978051002331e-01
8.134292189995860900e-01 8.222916011459631136e-01 8.485604245072444485e-01 8.698240237375335360e-01 8.890209127746970807e-01 8.913849156921805905e-01 8.920875206838305704e-01 8.922662786885089403e-01
8.112736077667007661e-01 8.220965924135867908e-01 8.507380220187801267e-01 8.740950973466384832e-01 9.099919989064215731e-01 9.103801045208568254e-01 9.096048492171451283e-01 9.096268354957953717e-01
8.131300144249106188e-01 8.243563994887712632e-01 8.574447929322717155e-01 8.808362815658435929e-01 9.098447864319806344e-01 9.111830816541711675e-01 9.102577461005423309e-01 9.102606138760184207e-01
7.879002817111442347e-01 8.014639037880446626e-01 8.415381982913793246e-01 8.748091734401930442e-01 9.133874450701505721e-01 9.136120874824468219e-01 9.131083149238079510e-01 9.130939760464273913e-01
7.853871544689022821e-01 7.987051037800148023e-01 8.384285737501039337e-01 8.655491264277936914e-01 8.957793036467588399e-01 8.972542961666445382e-01 8.981605132170992212e-01 8.983851556293954710e-01
7.932964792320479352e-01 8.100939961208557527e-01 8.551381455243105556e-01 8.818285318805819673e-01 9.057037186444598653e-01 9.056520986858896949e-01 9.055364317416860764e-01 9.055823161493040674e-01
7.913215378541583744e-01 8.006915162598089442e-01 8.344127321583738599e-01 8.660911359927808695e-01 9.076834396481430201e-01 9.083583228101905771e-01 9.087091473434362188e-01 9.087665028529586797e-01
7.991897578354795195e-01 8.168093703607757217e-01 8.569056511427607381e-01 8.825234894709623745e-01 9.168574533962586814e-01 9.167800234584033703e-01 9.165974417530902141e-01 9.166184721065818719e-01
7.596383543939577709e-01 7.747448396770120205e-01 8.292803699812734131e-01 8.748454985962239583e-01 9.210759511216347617e-01 9.214363349064674802e-01 9.217632613107454853e-01 9.217689968616976648e-01
7.898541927355423597e-01 8.024953470342900408e-01 8.412466411179735370e-01 8.701012420335587638e-01 9.051789157323294477e-01 9.061816812238135954e-01 9.069464213507796302e-01 9.068766388141940027e-01
8.182814951051852193e-01 8.301196722706185582e-01 8.622511846302529648e-01 8.827357048561953468e-01 9.103734130447459494e-01 9.081929477577341814e-01 9.081355922482117204e-01 9.081728733294013312e-01
7.891305573904008330e-01 7.999554538876042509e-01 8.342970652141702415e-01 8.626029650886573030e-01 9.063317614737307348e-01 9.067877377744341105e-01 9.067036163604679233e-01 9.066892774830872526e-01
7.722211972580242945e-01 7.900826588484733959e-01 8.402907159592660769e-01 8.795964466350000288e-01 9.187645240878801189e-01 9.187129041293099485e-01 9.183295781406681790e-01 9.183161951884463159e-01
