7.777247228071619199e-28 1.361967243798067884e-01 1.392468036054496983e+00 3.105452605335126126e+00 9.468846337238774780e+00 1.004806093483986018e+01 1.107530790579357749e+01 1.119772648407227145e+01
8.165113436653278686e-28 6.445634061670539594e-02 8.798559317588896533e-01 2.157716643023864567e+00 9.589247157810531164e+00 1.017611469935695467e+01 1.058053401906341229e+01 1.059320353876635146e+01
5.308861148873492251e-28 6.859479700026167859e-02 9.656395401012985991e-01 2.396002757111066472e+00 7.998973805321181629e+00 8.727410342972904189e+00 9.751322695121952933e+00 9.752806901452681032e+00
2.259251567682599771e-27 8.054259513155069550e-02 1.025645614078650736e+00 2.534446153774930544e+00 9.305096472842164346e+00 9.929375809513356188e+00 1.037899907420349876e+01 1.052562988861938997e+01
2.080903191511007301e-20 8.752471139212761320e-02 1.183329243544306797e+00 2.826683461802416808e+00 8.997924546274052915e+00 1.029697944176961144e+01 1.088731926540284967e+01 1.089835785199201901e+01
3.111451669673181822e-28 5.915746583362643807e-02 8.329115740359429587e-01 2.115559745871711694e+00 8.416774222104621117e+00 9.286204589959542233e+00 1.019817036073231620e+01 1.033752552040505890e+01
6.253922947312356005e-21 1.006147123007656713e-01 1.206281978171996894e+00 2.762095588542004432e+00 9.916713542376346169e+00 1.045895169343608266e+01 1.116684010094618884e+01 1.128650923244280158e+01
6.341865867097211215e-28 1.127091163149244318e-01 1.251740489742201978e+00 2.599155923144350400e+00 8.725054130522911677e+00 9.905986076615610259e+00 1.100521365716996058e+01 1.108899600925619211e+01
1.329558837498847123e-27 5.354452838211512522e-02 8.555647327578950190e-01 2.233459696737725597e+00 8.248134360349556715e+00 8.626141890948627378e+00 8.874886506415085918e+00 8.875099114105971410e+00
3.110732091855453439e-20 1.110254620980467566e-01 1.424095772558659601e+00 3.223917665247239661e+00 9.080955088252771645e+00 1.038069859347535662e+01 1.080152192956346546e+01 1.085649220390044611e+01
3.266805445022546077e-28 1.435789670607235391e-01 1.811931722803213685e+00 3.766689277014669379e+00 1.000940592472556112e+01 1.083172380561196491e+01 1.185854149606729635e+01 1.191165598236127643e+01
9.066491497364730805e-21 9.627568030337856075e-02 1.145416079192980163e+00 2.711822910827919930e+00 9.817383194406049896e+00 1.066172318242621486e+01 1.127179649927292537e+01 1.126549467816107608e+01
1.006415570673892287e-20 8.177108991518020065e-02 1.092082051543485255e+00 2.589093931770913404e+00 9.198239977672823642e+00 9.598193077346536484e+00 1.048410332648164101e+01 1.055455247805690888e+01
9.546057639546142598e-21 1.331453896636518308e-01 1.387350569865499095e+00 2.982235505902387285e+00 9.060289184682957853e+00 9.742049209142809474e+00 1.048653752328731414e+01 1.051979468614381119e+01
1.303451835852959119e-21 7.086312099713867885e-02 1.019651733568087693e+00 2.577399377964107785e+00 9.288831475926697223e+00 1.033696127011483412e+01 1.082975954692567022e+01 1.090046470093610331e+01
2.913938774720631507e-21 7.413304416696922527e-02 9.550515422819052525e-01 2.315797295001283729e+00 8.992049314083281786e+00 9.721170659743338049e+00 1.021904915455915308e+01 1.026875143135800528e+01
4.856866288414762554e-21 8.544009800860644099e-02 1.154519183430318785e+00 2.567201516983129039e+00 8.839623823604382480e+00 9.914678878405224438e+00 1.100951169739692936e+01 1.102392878248670094e+01
5.409358727719784048e-21 7.643866096185626680e-02 1.016852472620534575e+00 2.420186439243347198e+00 9.598060905986489644e+00 1.006611394542085058e+01 1.080312956513494527e+01 1.078966897093931543e+01
7.819972395347092996e-28 7.326930956599313205e-02 9.414583817160153689e-01 2.257076402638390711e+00 8.926877311585981190e+00 9.502260098297121260e+00 1.034514852574238120e+01 1.036773893231636912e+01
7.016981091137668961e-27 8.472295770605232923e-02 1.226400805002105132e+00 2.697290507845085283e+00 9.518916164477651876e+00 1.007180442576591162e+01 1.122605430341734234e+01 1.124007444302771042e+01
2.301692372131310342e-20 9.548401535850430111e-02 1.230511587550428443e+00 2.804994715517753257e+00 7.538641797101668374e+00 8.376701408366756141e+00 9.519352794002129414e+00 9.618277577455479843e+00
3.890802560599800309e-22 1.006657772911058735e-01 1.348207007920718903e+00 3.001425331673484909e+00 9.261293928016364418e+00 9.963982172434945994e+00 1.073166929470455244e+01 1.077012600090741046e+01
1.605766152748384530e-21 1.150791234775600386e-01 1.533408596355026576e+00 3.231366473022679209e+00 9.149985241119471979e+00 9.704048445948188828e+00 1.039327116525563177e+01 1.037968803332065271e+01
1.998524884230379602e-21 7.909242156444008798e-02 1.081223208672866587e+00 2.650708929078762655e+00 9.037741559381284873e+00 1.093126454830426653e+01 1.163711896438250193e+01 1.168182818520165966e+01
2.094189620901099653e-27 1.289214076240786377e-01 1.417599000796818665e+00 3.107442497972394690e+00 9.325629509186425636e+00 1.047861758111649344e+01 1.126125526769365415e+01 1.133049418816440479e+01
1.102981975261392189e-20 8.854674727303284143e-02 1.247630760566366792e+00 3.115973887593999958e+00 9.331299895677576117e+00 1.022787218747115823e+01 1.069755050887412651e+01 1.070010464404539086e+01
1.114366795528630711e-27 1.264897805015332000e-01 1.551529091294977514e+00 3.386909479031991133e+00 9.436731973560023690e+00 1.019683670584738344e+01 1.137462525313865846e+01 1.138474922970956094e+01
1.067127270956125723e-27 7.377345189999762187e-02 1.043215894206078742e+00 2.363800299918907832e+00 8.656894799379642791e+00 1.028748952341426026e+01 1.083510622733381723e+01 1.091209315763577159e+01
1.151581050377606405e-21 8.418441427849131242e-02 1.198660638498579623e+00 2.706126685803373899e+00 9.061259145924106306e+00 9.596191289923446277e+00 1.030950945761600934e+01 1.037005282442740217e+01
1.476125738823632898e-27 1.041916290124614425e-01 1.387652022071201641e+00 3.251784906142536791e+00 8.781068016089120576e+00 9.722883934366629788e+00 1.080358785136061783e+01 1.078671773197489792e+01
