6.637810596628518397e+03 4.131265647037964300e+03 2.033483162846405094e+03 6.274792586961577854e+02 1.863307978657631025e+01 1.863304359266931698e+01 1.863304273931069233e+01 1.863304273931069233e+01
6.864392913794733431e+03 3.066534020131985471e+03 1.563589181513419135e+03 6.474931140556863056e+02 1.608567818613151701e+01 1.608573568648593621e+01 1.608573663808802223e+01 1.608573663808802223e+01
7.700724870391014520e+03 3.694762608747249033e+03 2.168906776253765656e+03 1.004649898284412984e+03 1.780348397677268579e+01 1.780341228981216162e+01 1.780341095638402749e+01 1.780341095638402749e+01
6.152611119727247569e+03 3.433883618655784176e+03 1.745036296286486049e+03 7.751574758893863191e+02 2.224340248669433961e+01 2.224355866695187700e+01 2.224356401357359303e+01 2.224356401357359303e+01
6.009519736648187063e+03 2.969761569047399462e+03 1.716156981641957600e+03 5.813738525980492113e+02 1.839310719172538455e+01 1.839316280608161236e+01 1.839316423415614565e+01 1.839316423415614565e+01
8.194106148321312503e+03 4.016400468964871834e+03 2.416788827242502066e+03 1.099931146654812665e+03 2.209209658893416517e+01 2.209208120881857695e+01 2.209208091379894512e+01 2.209208091379894512e+01
7.271766979319098027e+03 4.404147062066748731e+03 2.348806417053331643e+03 1.115932581697925343e+03 1.931182806163009857e+01 1.931186787554989692e+01 1.931186827267567097e+01 1.931186827267567097e+01
7.055300662582434597e+03 3.428355953086632780e+03 2.146148697730583535e+03 8.228140298970758977e+02 1.846998029178719136e+01 1.846995043470053233e+01 1.846994896055097257e+01 1.846994896055097257e+01
5.089326125426917315e+03 3.360539732906181598e+03 1.013623222399891574e+03 4.909434532527738781e+01 1.353563345523464001e+01 1.353562861316991572e+01 1.353562967772854364e+01 1.353562967772854364e+01
4.921974792677662663e+03 3.289910605184104497e+03 1.872903671845072495e+03 6.593306399256015311e+02 1.731519117866969992e+01 1.731518265227800413e+01 1.731518158548828623e+01 1.731518158548828623e+01
6.051154947249159704e+03 2.698469280750731741e+03 1.006307221508317525e+03 9.842939243999938981e+01 1.775747958103991664e+01 1.775748332217596470e+01 1.775748256689701066e+01 1.775748256689701066e+01
8.633234762407424569e+03 5.079409613097121110e+03 2.758136407719090130e+03 1.114079356154012657e+03 1.784595766507366577e+01 1.784595308797952029e+01 1.784595296705754564e+01 1.784595296705754564e+01
6.904678989191487744e+03 3.687409994009972706e+03 1.923085493446651526e+03 6.763592751558386453e+02 1.487763894363926021e+01 1.487789033915417392e+01 1.487789936245560973e+01 1.487789936245560973e+01
6.362587088798468358e+03 3.015495636521981851e+03 1.209433565626160089e+03 1.292391265755216523e+02 1.973766991371359225e+01 1.973763082718202355e+01 1.973762985099271106e+01 1.973762985099271106e+01
5.546904892080146965e+03 4.086330917320434764e+03 1.548729321154466334e+03 6.339986104488702949e+02 2.082419009533056098e+01 2.082439091961032318e+01 2.082439775648350633e+01 2.082439775648350633e+01
7.070123250779703085e+03 4.091387795138173715e+03 1.406314615116599725e+03 1.881213996172886027e+02 1.376568051255003944e+01 1.376565426081232424e+01 1.376565371277783889e+01 1.376565371277783889e+01
1.057626236102097027e+04 2.986242760943242956e+03 1.288660479442338328e+03 3.070333693284753167e+02 1.397485725741369222e+01 1.397471780607699188e+01 1.397471493715369206e+01 1.397471493715369206e+01
5.425762554397832901e+03 3.129245687855220694e+03 1.871792867115572108e+03 8.103618946579950943e+02 1.756869852952808486e+01 1.756877681726727758e+01 1.756877777452574563e+01 1.756877777452574563e+01
9.666187183792528231e+03 3.129378280293518401e+03 1.807864623875848338e+03 6.457610849366303682e+02 1.824899191733029369e+01 1.824896467559817026e+01 1.824896375675728422e+01 1.824896375675728422e+01
5.535085906291513311e+03 3.958346409256984771e+03 1.398597319600896071e+03 3.578609478263621213e+02 1.309208946705662058e+01 1.309208448577169115e+01 1.309208422240788749e+01 1.309208422240788749e+01
7.184878508255420456e+03 3.327328123654134288e+03 1.817136176445790397e+03 9.490874091474072429e+02 2.114541703772712822e+01 2.114530319666054581e+01 2.114530022027559752e+01 2.114530022027559752e+01
5.558795345258177804e+03 2.745787355716353886e+03 1.358406310936316004e+03 1.682781810882597142e+02 2.133965758319965644e+01 2.133966689217111679e+01 2.133966838794503218e+01 2.133966838794503218e+01
5.873933891852596389e+03 2.806993387179949423e+03 1.095067323608923971e+03 8.173356745754990982e+01 1.511292502186146258e+01 1.511293765164001712e+01 1.511293773406849894e+01 1.511293773406849894e+01
4.851610575272010465e+03 2.901070630675746088e+03 1.481001279366887502e+03 4.051891649750364195e+02 1.462314311150074175e+01 1.462307550411812151e+01 1.462307357264894492e+01 1.462307357264894492e+01
5.811973804254844254e+03 3.560061495890603510e+03 2.161277165542426701e+03 1.038754640779593501e+03 2.129230824473040684e+01 2.129237538033232724e+01 2.129237689010801304e+01 2.129237689010801304e+01
5.476329108157624432e+03 3.539183480642913764e+03 1.708231572116702637e+03 5.021939172173908332e+02 1.487546290537096461e+01 1.487541087521692518e+01 1.487541126728924645e+01 1.487541126728924645e+01
1.455078711223754362e+04 3.772098920793550860e+03 2.239952847370263498e+03 9.367612950419418212e+02 1.698788711201155266e+01 1.698785379068973356e+01 1.698785215736728205e+01 1.698785215736728205e+01
6.026136512885767843e+03 3.570041799107918450e+03 1.735126673960676271e+03 2.986972848435570427e+02 1.674646772053472432e+01 1.674646743940701299e+01 1.674646712150083872e+01 1.674646712150083872e+01
6.666912962950856127e+03 4.021662848143017982e+03 2.519200169785543039e+03 1.435724287269074466e+03 2.226794585261477621e+01 2.226786202477638099e+01 2.226785830120308418e+01 2.226785830120308418e+01
5.891291344697175191e+03 3.679285548565525914e+03 2.308115464038961363e+03 1.359984273271430766e+03 2.327666709960071145e+01 2.312747818565149416e+01 2.312747764826369945e+01 2.312747764826369945e+01
