5.052732529389734282e+02 2.402324646218318804e+01 5.885765652186567998e+00 2.158118364669557643e+00 9.576038684478019869e-01 9.576047367814444211e-01 9.576047537978656932e-01 9.576047537978656932e-01
2.492871186138633561e+02 9.566730640847644906e+00 4.767825827448300302e+00 2.393382601694535872e+00 9.685344748551364402e-01 9.685331545272320986e-01 9.685331321837737928e-01 9.685331321837737928e-01
6.204876671438993299e+02 1.221101304467465809e+01 6.441346205270620295e+00 3.458515161377134994e+00 1.002322353476794881e+00 1.002324593173196998e+00 1.002324638745350605e+00 1.002324638745350605e+00
8.568297485043116239e+02 8.674690892956959942e+00 5.297654592974734733e+00 2.821643421195362045e+00 1.029163662202368323e+00 1.029159163436002444e+00 1.029159029640055012e+00 1.029159029640055012e+00
4.426609305836241788e+02 1.137931637773647431e+01 4.691004824411657559e+00 1.960310027517308429e+00 9.350416210651381066e-01 9.350435336245128681e-01 9.350435977943990506e-01 9.350435977943990506e-01
1.929266669710342512e+02 1.096182538175177079e+01 6.058453804444718926e+00 3.191243968586056745e+00 8.857369807941196660e-01 8.857370191552993433e-01 8.857370147057606058e-01 8.857370147057606058e-01
2.178239573823174453e+02 1.759100020299838718e+01 6.997996559140870154e+00 3.724316858469696623e+00 8.923742350861981754e-01 8.923730054873640904e-01 8.923729935845314820e-01 8.923729935845314820e-01
9.570584019928392081e+02 1.135009662661227381e+01 6.073334216463287305e+00 2.801592696154283413e+00 9.504990614893322753e-01 9.504973615971230583e-01 9.504972914857690025e-01 9.504972914857690025e-01
2.480860560797141545e+02 8.370685600448819486e+00 2.848587889306827936e+00 9.578020488364121787e-01 9.423577911084290992e-01 9.423569657272806710e-01 9.423568728138200790e-01 9.423568728138200790e-01
2.194445699373239620e+02 1.063188311245540696e+01 5.150235330707081616e+00 2.356761346990108308e+00 9.502135462974612423e-01 9.502131499838932793e-01 9.502131457823600469e-01 9.502131457823600469e-01
4.351041399409058954e+02 8.188759950329959736e+00 2.334890557087654805e+00 9.914459795219364713e-01 9.536062563624191357e-01 9.536061708689688166e-01 9.536061391707627566e-01 9.536061391707627566e-01
4.194669586397280341e+02 1.462254592416695331e+01 7.671786957877291258e+00 3.438428434235557773e+00 9.789171746828878584e-01 9.789171083828962505e-01 9.789171635080983203e-01 9.789171635080983203e-01
3.182515792406018704e+02 1.484462164166777320e+01 5.283549447343987460e+00 2.417926407350413420e+00 9.917449404434535154e-01 9.917409296851591449e-01 9.917407775330731035e-01 9.917407775330731035e-01
4.819781214861627632e+02 1.174678304527071759e+01 3.462037309581810884e+00 1.049683496537702876e+00 9.517059246268109174e-01 9.517055013287628595e-01 9.517054928591713869e-01 9.517054928591713869e-01
1.560254085341116479e+02 1.661431520826759822e+01 4.936558272579826934e+00 2.395804741309436992e+00 9.865067268166941572e-01 9.865036559447506459e-01 9.865035479626671489e-01 9.865035479626671489e-01
6.328778807808682814e+02 1.279945120938590009e+01 4.039565792383362108e+00 1.301125893660911359e+00 1.064792896866527672e+00 1.064794741258724864e+00 1.064794777505652101e+00 1.064794777505652101e+00
2.044292876062611413e+03 1.174167908000525351e+01 4.089975370875645666e+00 1.537394704117910793e+00 9.951949406714980517e-01 9.951981420413297252e-01 9.951982093172443422e-01 9.951982093172443422e-01
2.336684862130667000e+02 9.349423311059728903e+00 5.305992686724785301e+00 2.799328739083702278e+00 9.704975097230237324e-01 9.704959056722932687e-01 9.704958839150904515e-01 9.704958839150904515e-01
2.727892783184312066e+03 1.030672997130011836e+01 5.338029224562769848e+00 2.371941275434572560e+00 9.491248062787470685e-01 9.491252312107358868e-01 9.491252513460346485e-01 9.491252513460346485e-01
2.006265396808369985e+02 1.989401898904386456e+01 4.379420714475361187e+00 1.635897223734506856e+00 9.745485661034617442e-01 9.745498449436201804e-01 9.745498787413977571e-01 9.745498787413977571e-01
2.638580730226257401e+03 1.232010174451434459e+01 5.418727485763526808e+00 3.171803123255486412e+00 9.043933073142627066e-01 9.043958640065740129e-01 9.043959278742567109e-01 9.043959278742567109e-01
4.444731344580578707e+02 1.171222330194036587e+01 3.742493297785832951e+00 1.080252967923667207e+00 9.547605872665414495e-01 9.547606877674318371e-01 9.547607118597548626e-01 9.547607118597548626e-01
3.902604385774948241e+02 9.295333543146549360e+00 3.081143416971302340e+00 9.955823396914658119e-01 9.542587557928492448e-01 9.542594175933515332e-01 9.542594352714754979e-01 9.542594352714754979e-01
1.129493443484604569e+02 1.000159298400194707e+01 4.600021330901190808e+00 1.789376149250534231e+00 1.009206541877287755e+00 1.009209392601156496e+00 1.009209481361182936e+00 1.009209481361182936e+00
6.001120257751450708e+02 9.637140256055731768e+00 5.605379175285626125e+00 3.216443683540843423e+00 9.164910568838402494e-01 9.164935732477507146e-01 9.164936304344251106e-01 9.164936304344251106e-01
3.085753751422123514e+02 9.370976595286373723e+00 4.971406749661155366e+00 2.034291052284441292e+00 1.006920826201917141e+00 1.006921919284159639e+00 1.006921947456654642e+00 1.006921947456654642e+00
3.833903578170789388e+03 1.035069393125479920e+01 6.082300587846974693e+00 3.027074099919310868e+00 9.308110872229159449e-01 9.308118458840297649e-01 9.308118760279640025e-01 9.308118760279640025e-01
2.966780234121418971e+02 1.035218209140263212e+01 3.829394024343726333e+00 1.243141666868556872e+00 9.544110818651829753e-01 9.544107213430970127e-01 9.544106747085734366e-01 9.544106747085734366e-01
2.414049640320945969e+02 1.210418902188042800e+01 7.441699135872331894e+00 4.837960569904599772e+00 9.539581410920436877e-01 9.539598812862821742e-01 9.539599584011135835e-01 9.539599584011135835e-01
8.833427869159859256e+02 1.161827080192410833e+01 6.883945874139357102e+00 4.607088952795843184e+00 9.446923375520264177e-01 9.448311268943346830e-01 9.448311505970260482e-01 9.448311505970260482e-01
