2.560129289856450385e-01 3.637227873371993714e-01 6.005323699971479856e-01 8.373419526570966553e-01 9.960072250213898304e-01 9.960072250213898304e-01 9.960072250213898304e-01 9.960072250213898304e-01
3.275026143169502690e-01 4.748550242418481115e-01 6.637513071584751900e-01 8.239376366574769905e-01 9.964825553759862897e-01 9.964825553759862897e-01 9.964825553759862897e-01 9.964825553759862897e-01
2.686567164179104461e-01 4.237094780872706634e-01 5.919764236144120506e-01 7.556801977374275614e-01 9.962924232341476838e-01 9.962924232341476838e-01 9.962924232341476838e-01 9.962924232341476838e-01
2.947998859207148770e-01 4.458598726114649802e-01 6.412206483506036614e-01 7.942770225306587939e-01 9.961973571632284363e-01 9.961973571632284363e-01 9.961973571632284363e-01 9.961973571632284363e-01
2.972716037646164211e-01 4.786576670786196197e-01 6.298127198402889704e-01 8.524574579332636626e-01 9.953417625249548761e-01 9.953417625249548761e-01 9.953417625249548761e-01 9.953417625249548761e-01
2.834870234813195444e-01 4.202870995341762561e-01 5.602243559273695217e-01 7.359064549862154303e-01 9.947713660994390583e-01 9.947713660994390583e-01 9.947713660994390583e-01 9.947713660994390583e-01
2.482175111702633330e-01 3.654339766137465473e-01 5.809487593877744604e-01 7.375225781918433032e-01 9.961022910923091889e-01 9.961022910923091889e-01 9.961022910923091889e-01 9.961022910923091889e-01
2.694172449852647588e-01 4.373039262287289897e-01 5.837056754444338580e-01 7.868618689989542725e-01 9.955318946667933711e-01 9.955318946667933711e-01 9.955318946667933711e-01 9.955318946667933711e-01
3.281680768133852788e-01 4.572678011217796157e-01 7.586272459359254539e-01 9.911588554045061006e-01 9.965776214469056482e-01 9.965776214469056482e-01 9.965776214469056482e-01 9.965776214469056482e-01
3.258864911113223961e-01 4.467154672497385959e-01 6.281015305637418500e-01 8.242228348702348439e-01 9.962924232341476838e-01 9.962924232341476838e-01 9.962924232341476838e-01 9.962924232341476838e-01
3.268371518205152593e-01 5.204867382831067646e-01 7.679437208860158126e-01 9.813670500998193935e-01 9.957220268086319770e-01 9.957220268086319770e-01 9.957220268086319770e-01 9.957220268086319770e-01
2.045821846183097370e-01 3.527901891814811397e-01 5.243844471907975757e-01 7.300123585892195344e-01 9.955318946667933711e-01 9.955318946667933711e-01 9.955318946667933711e-01 9.955318946667933711e-01
2.784485217225972087e-01 4.188611084703869336e-01 6.063314003232246341e-01 8.198497956079475735e-01 9.964825553759862897e-01 9.964825553759862897e-01 9.964825553759862897e-01 9.964825553759862897e-01
2.935640269987641604e-01 4.296035744842665594e-01 7.075767658522673642e-01 9.767088126247742697e-01 9.956269607377127295e-01 9.956269607377127295e-01 9.956269607377127295e-01 9.956269607377127295e-01
3.163798840193934869e-01 3.686662230250024042e-01 6.625154482365244180e-01 8.243179009411540914e-01 9.961973571632284363e-01 9.961973571632284363e-01 9.961973571632284363e-01 9.961973571632284363e-01
2.862439395379788865e-01 3.950945907405646884e-01 6.847609088316379822e-01 9.617834394904458684e-01 9.966726875178248957e-01 9.966726875178248957e-01 9.966726875178248957e-01 9.966726875178248957e-01
2.109516113699020923e-01 4.416769654910162601e-01 6.948379123490826537e-01 9.152010647399942966e-01 9.975282821560984559e-01 9.975282821560984559e-01 9.975282821560984559e-01 9.975282821560984559e-01
3.294990018062553538e-01 4.594543207529233064e-01 6.229679627341001558e-01 7.890483886300979632e-01 9.960072250213898304e-01 9.960072250213898304e-01 9.960072250213898304e-01 9.960072250213898304e-01
2.817758342047723130e-01 4.575529993345375246e-01 6.246791520106473872e-01 8.269797509268942415e-01 9.961973571632284363e-01 9.961973571632284363e-01 9.961973571632284363e-01 9.961973571632284363e-01
2.710333681908926873e-01 3.967107139461926169e-01 6.812434642076242719e-01 8.970434451944101495e-01 9.974332160851792084e-01 9.974332160851792084e-01 9.974332160851792084e-01 9.974332160851792084e-01
2.464112558227968541e-01 4.508983743701872604e-01 6.404601197832493487e-01 7.650917387584371676e-01 9.955318946667933711e-01 9.955318946667933711e-01 9.955318946667933711e-01 9.955318946667933711e-01
3.153341572392813208e-01 4.713375796178344013e-01 6.784865481509648744e-01 9.698640555185854550e-01 9.945812339576005634e-01 9.945812339576005634e-01 9.945812339576005634e-01 9.945812339576005634e-01
2.836771556231580949e-01 4.863580188230820500e-01 7.403745603194219482e-01 9.875463447095731429e-01 9.963874893050670423e-01 9.963874893050670423e-01 9.963874893050670423e-01 9.963874893050670423e-01
3.895807586272459488e-01 4.967202205532845194e-01 6.734480463922426496e-01 8.832588649111132728e-01 9.969578857305827491e-01 9.969578857305827491e-01 9.969578857305827491e-01 9.969578857305827491e-01
3.133377697499762360e-01 4.501378458028329477e-01 5.808536933168552130e-01 7.447475995817093297e-01 9.951516303831162702e-01 9.951516303831162702e-01 9.951516303831162702e-01 9.951516303831162702e-01
3.275976803878695720e-01 4.252305352219792889e-01 6.414107804924422673e-01 8.580663561175017051e-01 9.965776214469056482e-01 9.965776214469056482e-01 9.965776214469056482e-01 9.965776214469056482e-01
1.703583990873657195e-01 4.348322083848274455e-01 5.879836486358018810e-01 7.683239851696929135e-01 9.958170928795513355e-01 9.958170928795513355e-01 9.958170928795513355e-01 9.958170928795513355e-01
2.851982127578667203e-01 4.296035744842665594e-01 6.386538644357828698e-01 9.441962163703774280e-01 9.961973571632284363e-01 9.961973571632284363e-01 9.961973571632284363e-01 9.961973571632284363e-01
2.881452609563646683e-01 3.994676300028519589e-01 5.713470862249263593e-01 6.956935069873562139e-01 9.954368285958741236e-01 9.954368285958741236e-01 9.954368285958741236e-01 9.954368285958741236e-01
2.662800646449282049e-01 4.122064835060366694e-01 5.926418861108470049e-01 7.042494533700922599e-01 9.950565643121970227e-01 9.950565643121970227e-01 9.950565643121970227e-01 9.950565643121970227e-01
