3.422120138170028220e-02 3.709739559813739901e-02 4.788840753037979653e-02 5.778983498022455950e-02 6.335409949457623813e-02 6.335409985536069599e-02 6.335409986550319394e-02 6.335409986550319394e-02
3.440442645419249795e-02 3.938566479098726258e-02 4.807602193917979994e-02 5.477508702862069617e-02 6.176635347196735015e-02 6.176635293847127645e-02 6.176635292322921189e-02 6.176635292322921189e-02
1.926018402532282334e-02 2.409436954567188705e-02 3.008551088724659844e-02 3.630297086922273930e-02 4.457842404230216021e-02 4.457842451816619589e-02 4.457842452677505257e-02 4.457842452677505257e-02
2.411940524995139293e-02 2.755937968494757626e-02 3.667359036734026134e-02 4.309728788592111226e-02 5.095740416317053739e-02 5.095740272239916019e-02 5.095740267543306945e-02 5.095740267543306945e-02
3.707410276080884415e-02 4.206950870448994406e-02 4.877591799970744380e-02 5.737735319147716645e-02 6.333034203341751656e-02 6.333034234971540721e-02 6.333034237251906895e-02 6.333034237251906895e-02
3.292380697258722594e-02 3.704830572325099047e-02 4.474578731146034577e-02 5.439501388712623259e-02 6.539703574695798771e-02 6.539703595935809910e-02 6.539703596405971320e-02 6.539703596405971320e-02
3.073030584118032274e-02 3.400757844233504024e-02 4.388083749796654887e-02 5.201254783109081348e-02 6.250776785568332161e-02 6.250776743528504986e-02 6.250776743036348670e-02 6.250776743036348670e-02
2.615809038447824975e-02 3.121639446066389739e-02 3.968831980064629894e-02 4.966053232043780158e-02 5.854446548061253280e-02 5.854446479518120305e-02 5.854446477527314174e-02 5.854446477527314174e-02
3.275180627054957022e-02 3.487713968955168109e-02 4.269093981425638867e-02 4.761396379611133878e-02 4.784194661105047736e-02 4.784194636692416097e-02 4.784194632196910046e-02 4.784194632196910046e-02
3.627271077095065716e-02 3.899277228837215448e-02 4.571977219719829122e-02 5.376934096808710928e-02 5.934988956918843539e-02 5.934988972555694381e-02 5.934988974604733791e-02 5.934988974604733791e-02
3.649967805659332792e-02 4.075920436055965879e-02 4.762447175969969360e-02 5.339783491989853748e-02 5.405435191414874330e-02 5.405435177266588315e-02 5.405435177083350168e-02 5.405435177083350168e-02
2.662558091958837012e-02 3.239447903082666447e-02 4.256564466642222266e-02 5.348447600214855518e-02 6.401509335238117493e-02 6.401509350568981849e-02 6.401509352838387346e-02 6.401509352838387346e-02
3.004654471259566445e-02 3.608153015051360213e-02 4.389787783333536780e-02 5.193289738789377830e-02 5.810593330463387218e-02 5.810593012125608164e-02 5.810593001275822511e-02 5.810593001275822511e-02
2.183362013137939497e-02 2.429566077720517192e-02 3.129983001215247418e-02 3.663435981214579334e-02 3.732878732385936510e-02 3.732878745693956474e-02 3.732878746120067703e-02 3.732878746120067703e-02
3.294316946669078455e-02 3.517177592434142519e-02 4.481506619232686339e-02 4.955513834188078615e-02 5.450881997986732619e-02 5.450881799629938435e-02 5.450881791939669874e-02 5.450881791939669874e-02
1.976135761397116580e-02 2.256692390419058961e-02 3.016408963516806555e-02 3.610170912965617041e-02 3.721805689295426545e-02 3.721805733333519162e-02 3.721805734429471657e-02 3.721805734429471657e-02
2.736088031065017287e-02 3.154900979775301928e-02 3.844867256974190267e-02 4.407293127226490081e-02 4.624913261131378961e-02 4.624913342291362556e-02 4.624913344015797040e-02 4.624913344015797040e-02
3.021804242225502313e-02 3.375901375566992685e-02 3.997165755630181783e-02 4.677122437863014126e-02 5.428706423358236471e-02 5.428706344373351866e-02 5.428706343393579353e-02 5.428706343393579353e-02
2.945218975778371093e-02 3.552557817872851326e-02 4.221833751298648130e-02 5.011266651786521614e-02 5.613126417752117847e-02 5.613126452639426167e-02 5.613126453515990266e-02 5.613126453515990266e-02
3.114217099431808300e-02 3.400498902335364476e-02 4.458382431229488546e-02 5.051163022003105074e-02 5.324425159651949291e-02 5.324425182365970927e-02 5.324425183802433681e-02 5.324425183802433681e-02
3.465696593803463399e-02 3.908780213126918784e-02 4.728924455984488684e-02 5.308739606870779143e-02 6.305267385610588415e-02 6.305267448467746783e-02 6.305267450638614435e-02 6.305267450638614435e-02
3.389652308427205246e-02 3.633791656343927923e-02 4.302192170260484699e-02 5.007958884124455445e-02 5.123104856057451861e-02 5.123104856741986929e-02 5.123104855999826429e-02 5.123104855999826429e-02
3.526884799818331973e-02 3.911137831807709464e-02 4.630261662907600440e-02 5.197114279656381286e-02 5.244142790410418614e-02 5.244142790982139063e-02 5.244142791498308809e-02 5.244142791498308809e-02
2.898632204953598482e-02 3.139323613616264858e-02 3.732315245013242966e-02 4.378556393110566436e-02 4.703392332798398551e-02 4.703392433485863861e-02 4.703392436449666675e-02 4.703392436449666675e-02
3.484858117736815836e-02 3.863504996738578723e-02 4.549186853038211104e-02 5.532653776949290197e-02 6.738530885227177192e-02 6.738530903627286406e-02 6.738530904305506386e-02 6.738530904305506386e-02
3.186106748196488453e-02 3.495432317881239093e-02 4.311520722283642554e-02 5.152993196054284769e-02 5.587765800558348178e-02 5.587765832017570211e-02 5.587765829340184121e-02 5.587765829340184121e-02
3.010555524452425760e-02 3.988634099547658241e-02 4.665845239660849214e-02 5.516391038117612194e-02 6.411027674057698245e-02 6.411027708342523224e-02 6.411027710288312587e-02 6.411027710288312587e-02
3.109202328604837584e-02 3.469595919134414036e-02 4.285494429855414567e-02 5.113202185905917768e-02 5.331857835004371465e-02 5.331857805062906186e-02 5.331857800918882867e-02 5.331857800918882867e-02
3.094189625732209417e-02 3.381455796195839691e-02 4.166728937546950590e-02 4.873796858222171485e-02 6.394232161341709131e-02 6.394232296919466485e-02 6.394232302242620902e-02 6.394232302242620902e-02
2.809656170706574876e-02 3.079449212466377553e-02 3.799251385896870031e-02 4.466265409720986124e-02 6.047504940286917152e-02 6.047945811990518977e-02 6.047945812217945388e-02 6.047945812217945388e-02
