54.88908729913318 0.0 54.88908729913318
0.3431799897291027 369.8669664328029 0.639073562875345
0.054593546814167615 134.7582550674927 0.16240015086816179
0.041601929255864645 54.56425564714555 0.08525333377358109
0.04050939729686204 32.17816687604356 0.0662519307976969
0.04017210889238352 27.355041718154933 0.06205614226690746
0.04007972632367825 25.598572275469166 0.06055858414405358
0.040109152035774746 25.1788806483348 0.060252256554442586
0.04002045887442091 25.23409016485654 0.060207731006306144
0.040033241488845114 25.200169633493438 0.060193377195639865
0.04004853100560235 25.17566734704276 0.06018906488323656
0.04003955445075087 25.185176350088113 0.060187695530821365
0.04003300031710801 25.192555122760375 0.06018704441531632
0.040033422335700924 25.19160262723596 0.06018670443748969
0.040034845811400516 25.18968099189678 0.06018659060491794
0.040036145841606544 25.1879314346937 0.060186490989361505
0.04003642561247411 25.18745042762236 0.060186385954572
0.040035991416430584 25.187953982000813 0.060186354602031235
0.04003513221697272 25.189151130160944 0.06018645312110148
0.04003484004855966 25.18928699741972 0.06018626964649544
0.040035258531612716 25.188822426467603 0.0601863164727868
0.04003573100742394 25.18819606339662 0.060186287858141244
0.04003582176242682 25.188140920994087 0.06018633449922209
0.040035624065198935 25.18833467324014 0.06018629180379105
0.04003538127387485 25.18868202784514 0.06018632689615096
0.040035347407789384 25.18866498806117 0.060186279398238327
0.040035443242869784 25.188550146585012 0.060186283360137795
0.04003545855337949 25.188484852279878 0.06018624643520339
0.04003531434895487 25.188681098306592 0.06018625922760014
0.040035245160994715 25.188860074607668 0.06018633322068085
0.04003532421703597 25.18881622078371 0.06018637719366294
0.04003544186592195 25.188694208010286 0.06018639723233018
0.04003548727676347 25.188617022241537 0.0601863808945567
0.040035444336409126 25.188573563799547 0.06018630318744876
0.04003540151977274 25.188573703622545 0.06018626048267077
0.040035401647851195 25.188577068477883 0.060186263302633505
0.04003544195422611 25.188612370811953 0.06018633185087567
0.040035483351768576 25.188512160671557 0.06018629308030582
0.04003551753996795 25.18845379514859 0.060186280576086826
0.040035540899966846 25.188410820581574 0.06018626955643211
0.04003555035209855 25.188361580477704 0.060186239616480716
0.04003553774896344 25.1883673913008 0.06018623166200408
0.040035518193041505 25.188388999689654 0.06018622939279323
0.04003545984415878 25.188416924439355 0.060186193383710264
0.040035430558397776 25.188471473448956 0.06018620773715694
0.04003542756024535 25.188476205746152 0.06018620852484227
0.04003542241864114 25.188399346112817 0.06018614189553139
0.04003542389380607 25.18840426862201 0.06018614730870368
0.040035412354050656 25.188418394667483 0.060186147069784646
0.040035413318047344 25.18840032883388 0.06018613358111445
0.04003541079200916 25.188481525217313 0.060186196012183016
0.04003539881796431 25.188484744170225 0.06018618661330049
0.04003540135872373 25.188431833983753 0.06018614682591073
0.04003540372967748 25.188385595403812 0.060186112206000536
0.04003540971210846 25.18841827917158 0.060186144335445724
0.04003541959923801 25.188410053173893 0.06018614764177713
0.04003543482613055 25.18838840815391 0.060186145552653676
0.040035426760660006 25.188449174767463 0.06018618610047398
0.04003543528254076 25.188410809709342 0.060186163930308234
0.040035439561321884 25.188349493097782 0.060186119155800105
0.040035430234835384 25.188384049399914 0.06018613747435532
0.040035415480337525 25.18835804469606 0.06018610191609437
0.040035405994731585 25.188411583121024 0.0601861352612284
0.04003539969706507 25.188374742894826 0.06018609949138093
0.04003539307856985 25.188361490853943 0.060186082271253
0.04003539275782779 25.188350339408235 0.06018607302935438
0.04003539796145452 25.188346906566633 0.06018607548670783
0.040035398137467273 25.188329489926765 0.060186061729408685
0.04003540027276537 25.18831056146925 0.06018604872194078
0.04003539610301583 25.188327070254925 0.06018605775921977
0.040035399942653385 25.188304412177978 0.06018604347239577
0.04003540474072305 25.188310522284315 0.0601860531585505
0.04003540965801111 25.188323562194064 0.060186068507766366
0.040035421069944704 25.188235642718514 0.060186009584119515
0.040035438553377684 25.188226568408766 0.0601860198081047
0.04003544196412178 25.188198066840933 0.06018600041759453
0.040035455967900264 25.18821745500561 0.06018602993190475
0.040035452831508014 25.18818351234956 0.06018599964138766
0.040035452319083766 25.18817195286362 0.06018598988137466
0.040035453166482715 25.188207514668722 0.0601860191782177
0.04003545642662744 25.18811777994127 0.06018595065058045
0.04003544782046998 25.18817218649299 0.06018598556966437
0.040035441005287685 25.188128549969036 0.060185943845262914
0.040035439695708316 25.188143424098364 0.060185954434987005
0.040035440324511506 25.18814424084722 0.06018595571718928
0.040035435035696315 25.18817902844299 0.060185978258450706
0.04003542117340343 25.188100895915746 0.060185901890136034
0.04003543160610402 25.188089231284412 0.06018590299113155
0.04003542548518813 25.188095002244204 0.060185901486983495
0.0400354249803485 25.188065445876596 0.060185877337049776
0.040035416103012755 25.188041956398223 0.060185849668131335
0.04003542501841116 25.188030120392018 0.06018584911472477
0.040035430739185945 25.187995657093744 0.06018582726486094
0.04003543367917184 25.18792891220422 0.06018577680893522
0.040035433527074664 25.187967848904762 0.06018580780619848
0.040035435926465406 25.187947490444053 0.060185793918820646
0.040035439962545355 25.18803571711404 0.060185868536236586
0.040035442164749156 25.187997482375565 0.06018584015064961
0.04003544956441998 25.187955637564876 0.06018581407447188
0.040035458505368826 25.187917819730753 0.060185792761153434
