54.88908729913318 0.0 54.88908729913318
0.33539496322105183 358.328299834846 0.6578904330724132
0.053630289627745076 121.08591909616543 0.16260761681429398
0.042183652622564856 47.87651543262499 0.08527251651192735
0.04122088128117617 27.952013086066 0.06637769305863557
0.040857257227082944 25.964604814218085 0.06422540155987921
0.04079542626785565 24.51927459489227 0.06286277340325869
0.04077270321889853 24.37324393811719 0.062708622763204
0.040714057966842514 24.398619271132453 0.06267281531086172
0.04073593729829677 24.36669680622488 0.06266596442389916
0.040741655576547776 24.358087144273686 0.0626639340063941
0.04073663289746381 24.362633320913215 0.0626630028862857
0.040733651705883625 24.36580622736216 0.06266287731050957
0.04073422523016461 24.364987696390664 0.06266271415691621
0.04073498180149765 24.364142029230045 0.0626627096278047
0.0407349216768064 24.364044077789817 0.06266256134681723
0.04073509288347228 24.363742378299168 0.06266246102394153
0.04073482059947291 24.363913387056005 0.0626623426478233
0.04073445829590953 24.364314904011334 0.06266234170951973
0.040734532752608056 24.364234078921108 0.06266234342363705
0.040734775839251475 24.364001996614164 0.06266237763620422
0.040734976777762236 24.363680111485888 0.06266228887809953
0.04073497660902882 24.36371355908254 0.0626623188122031
0.040734858277526154 24.363799372073156 0.062662277712392
0.04073477868137559 24.36391252095465 0.06266229995023477
0.04073482116830079 24.364058203121562 0.0626624735511102
0.040734903207303316 24.36393575278538 0.06266244538481015
0.04073493066767582 24.363835023874593 0.06266238218916295
0.04073490968567109 24.363812511270943 0.06266234094581494
0.040734919847155215 24.363783560592996 0.06266232505168891
0.04073499906880783 24.36372697142111 0.06266235334308683
0.040735070363425885 24.363656751555908 0.0626623614398262
0.040735080480319284 24.36365085326094 0.06266236624825414
0.040735048046978306 24.363602623977762 0.0626622904085583
0.04073503916456113 24.363525856743678 0.06266221243563044
0.040735062318120345 24.36352044841928 0.0626622307216977
0.04073504043049464 24.36353264617459 0.06266221981205178
0.040735033254217914 24.36356330456556 0.06266224022832692
0.040735041798475605 24.363542644066627 0.06266223017813558
0.04073509063146651 24.363367093379942 0.06266212101550846
0.04073513245961366 24.36340531052759 0.06266219723908849
0.04073516985752797 24.36332316382967 0.06266216070497467
0.04073519885278269 24.363319112084703 0.06266218605365892
0.04073522443930239 24.36329064764356 0.06266218602218158
0.040735227255599284 24.36333483462056 0.06266222860675778
0.040735245746609985 24.363385440124716 0.06266229264272223
0.04073524695013591 24.363385680818187 0.06266229406287227
0.040735259149702996 24.363288035537053 0.06266221838168634
0.04073526733159524 24.36326231180156 0.06266220341221665
0.04073528703351391 24.363376583795308 0.06266232595892969
0.04073530822233723 24.363286137820765 0.06266226574637591
0.0407353157370952 24.363266547457243 0.06266225562980672
0.040735327282661916 24.36328319997949 0.06266228216264345
0.04073533210769307 24.363252714626814 0.0626622595508572
0.04073535037313293 24.363179763997476 0.06266221216073066
0.040735370812341715 24.36315935034646 0.06266221422765353
0.040735386193829944 24.363104717154265 0.06266218043926879
0.04073540006161856 24.363026848748934 0.06266212422549261
0.04073541555594474 24.363062445696485 0.06266217175707157
0.04073543637485787 24.363013333370397 0.06266214837489123
0.0407354612105836 24.362950434335843 0.06266211660148585
0.040735477627306095 24.362944086148083 0.06266212730483937
0.04073549117053392 24.36295270487535 0.06266214860492174
0.04073549964248582 24.36287196318841 0.06266208440935539
0.040735503698613416 24.362905647341464 0.06266211878122073
0.040735515222892704 24.36285476554908 0.06266208451188687
0.04073552214232719 24.36284572967847 0.0626620832990378
0.0407355502666588 24.36271822088262 0.06266199666545316
0.04073558110026909 24.362685814662004 0.06266199833346489
0.040735626521004736 24.36258227091778 0.06266195056483073
0.04073564811556959 24.3626661801827 0.06266204767773402
0.040735684391578195 24.362630973101673 0.0626620522673697
0.04073570854180765 24.362614622551433 0.06266206170210394
0.040735728448523474 24.362653095707888 0.06266211623466057
0.040735762457868335 24.36258903503719 0.06266209258940181
0.04073578584909114 24.36255105787847 0.06266208180118177
0.04073582703298963 24.362478076848273 0.06266205730215307
0.04073586992277847 24.36236217002981 0.0626619958758053
0.040735902112348725 24.36232956162388 0.06266199871781022
0.040735923071181304 24.36222318359335 0.06266192393641531
0.04073594309790152 24.36226710666318 0.06266198349389837
0.04073599196168531 24.362252396055908 0.06266201911813563
0.04073604259567887 24.36218726858545 0.06266201113740577
0.0407360816981558 24.36210860349516 0.06266197944130145
0.04073610617992233 24.362152842229705 0.06266204373792907
0.0407361160954032 24.36209108719327 0.06266199807387715
0.04073612406828813 24.362047478106202 0.06266196679858371
0.040736130093334655 24.361953811916194 0.06266188852405923
0.04073612967765735 24.36198705419537 0.06266191802643319
0.04073614261117117 24.3619838187496 0.06266192804804581
0.04073614693667786 24.36199036481494 0.0626619382650113
0.04073615088780162 24.362040474373657 0.06266198731473792
0.04073616459443612 24.3620517088765 0.06266201113242496
0.04073617105057693 24.361973550499552 0.06266194724602653
0.04073618514108284 24.361910285290946 0.06266190439784469
0.04073618257299047 24.361826968342953 0.06266182684449913
0.040736190943509665 24.361834302733975 0.06266184181597025
0.040736192858317435 24.36177655349853 0.0626617917564661
0.04073618883121234 24.361839546735542 0.06266184442327433
0.04073619260865162 24.36180411065733 0.06266181630824322
