54.88908729913318 0.0 54.88908729913318
0.32796634717162676 347.0807269712169 0.6750470741428436
0.052831525281368044 109.2867861329848 0.16211831141435284
0.042698826615066146 42.409852946923856 0.08510867956199
0.04178223098617139 25.936583771801402 0.0677188147579728
0.041457757543088655 24.64195138273373 0.06609970892582238
0.041441938249087165 23.73604530711407 0.06517798355620123
0.041369066010599594 23.733772993271536 0.06510283900387114
0.04135563546989883 23.717655190441384 0.06507329066034022
0.04137176975475158 23.694829987945234 0.06506659974269682
0.04136907355298436 23.696631506388986 0.06506570505937334
0.04136855201110237 23.69672280313373 0.0650652748142361
0.041369269305889605 23.695762395096708 0.06506503170098632
0.04136911398207816 23.69556464289909 0.06506467862497725
0.04136860595460251 23.696110529923125 0.06506471648452564
0.04136852942417234 23.696157134530964 0.0650646865587033
0.041368616958829096 23.696084631376834 0.06506470159020593
0.041368957628368105 23.69570475179202 0.06506466238016012
0.041369106540192005 23.695635470647858 0.06506474201083987
0.041368819425049046 23.695855150295476 0.06506467457534452
0.04136857106772819 23.696037995930826 0.06506460906365902
0.041368718719511983 23.695784412943908 0.06506450313245589
0.04136898125468659 23.695518533494283 0.06506449978818088
0.0413689786193113 23.695603596840364 0.06506458221615166
0.041368843455579035 23.69578100853507 0.06506462446411411
0.04136882518933529 23.69572932904815 0.06506455451838344
0.04136894081631674 23.695516396341258 0.065064457212658
0.041369012123512516 23.695522316677554 0.06506453444019007
0.041368992327988706 23.695558082665865 0.06506455041065456
0.04136900835214778 23.69554790308577 0.06506455625523355
0.04136902691816389 23.695475905096245 0.06506450282326014
0.04136907098029503 23.69539160772269 0.06506446258801772
0.04136907341080959 23.69545535746149 0.06506452876827108
0.041369051794402326 23.695401127368527 0.06506445292177085
0.041369058896891665 23.69545044855297 0.06506450934544464
0.041369039001137906 23.695475966153104 0.06506451496729102
0.04136900807011712 23.69554709651915 0.06506455516663627
0.04136901801513338 23.69549982822871 0.06506451784336209
0.041369011527278926 23.69559076092796 0.06506460228820689
0.041369029859348025 23.695316128289882 0.06506434598763791
0.041369053093743696 23.6953790746237 0.0650644321683674
0.041369065710097526 23.695181719050144 0.06506424742914767
0.04136906696122329 23.695227966476352 0.06506429492769965
0.041369066156783374 23.69528117952141 0.06506434733630478
0.041369076073839675 23.69523204709902 0.06506430812093869
0.04136909805275374 23.69521989124437 0.06506431794399811
0.04136912430743635 23.695218291922515 0.06506434259935887
0.04136912350036095 23.695120156647143 0.0650642436570081
0.041369134011845096 23.695086527945953 0.06506422053979105
0.04136914775345224 23.694983637685016 0.06506413139113726
0.04136915717190405 23.69496233579519 0.06506411950769925
0.041369151035431304 23.69511232116126 0.06506426335659257
0.04136915791199593 23.695154837819974 0.0650643127498159
0.041369173540005466 23.695012667660766 0.06506418620766623
0.0413691806270412 23.69495860732227 0.06506413923436347
0.04136916403459465 23.695003230272988 0.06506416726486763
0.041369178825797374 23.6949818109946 0.06506416063679198
0.04136918631057929 23.69488631412114 0.06506407262470043
0.04136919785453461 23.69485926006964 0.06506405711460425
0.04136924917906272 23.69495602722567 0.06506420520628839
0.041369279215678 23.694971273977508 0.0650642504896555
0.04136930960528831 23.694903606073275 0.06506421321136159
0.04136932240599577 23.694857064580383 0.06506417947057616
0.04136937809558072 23.694761201055208 0.06506413929663593
0.041369419194899 23.694615215532217 0.06506403441043121
0.04136946153294149 23.694689620391536 0.06506415115333303
0.04136949045607348 23.694665833084006 0.06506415628915749
0.04136952160769758 23.69461211708647 0.06506413372478405
0.04136954547972022 23.694603164609845 0.06506414864433006
0.04136953922237494 23.69443964029308 0.06506397886266801
0.04136951533114415 23.694405380574068 0.06506392071171821
0.04136950315166175 23.694488085256854 0.0650639912369186
0.041369503221681855 23.69441025426682 0.06506391347594867
0.041369492903456914 23.69441626942216 0.06506390917287908
0.04136950039175096 23.694401582695747 0.06506390197444671
0.04136949273326217 23.69443976997642 0.06506393250323858
0.04136946497254722 23.694483524377514 0.06506394849692473
0.04136946872780227 23.694503459711434 0.0650639721875137
0.04136949020258904 23.694355781073295 0.06506384598366233
0.041369490825984914 23.694274758340534 0.06506376558432544
0.04136949465242701 23.69431677418125 0.06506381142660826
0.04136948879945974 23.694360986875107 0.06506384978633484
0.0413694907562271 23.694476079589343 0.06506396683581644
0.04136950077223541 23.69421726197009 0.06506371803420549
0.04136950478744872 23.69429270279078 0.0650637974902395
0.041369495434565334 23.69441654682044 0.06506391198138578
0.04136949053848306 23.694321141567983 0.06506381168005104
0.041369460012295176 23.69452401511175 0.06506398402740693
0.04136945003058388 23.694445971222684 0.06506389600180656
0.04136946401799088 23.6944245375121 0.06506388855550298
0.04136945052319635 23.694288493362674 0.06506373901655903
0.041369446034706936 23.694141451741054 0.06506358748644799
0.04136944516832405 23.694043017213314 0.06506348818553737
0.04136946301116405 23.694043677728015 0.06506350668889206
0.041369474177509274 23.694012036951833 0.0650634862144611
0.041369482831228266 23.694045480481925 0.0650635283117102
0.04136948149179484 23.6940605112386 0.06506354200303344
0.0413695178935903 23.693983392495497 0.06506350128608579
0.04136953113030391 23.694074642572414 0.06506360577287632
0.041369545524205534 23.694019903500536 0.06506356542770607
