54.88908729913318 0.0 54.88908729913318
0.2688135152033525 251.78665310157893 0.7723868214065104
0.051935220429019255 45.77476273123863 0.1434847458914965
0.04721218349675246 21.94388657439744 0.09109995664554735
0.04640263124530086 20.343806793850128 0.08709024483300112
0.04640407848527024 20.189302609995835 0.0867826837052619
0.0462999977941212 20.2218752832546 0.0867437483606304
0.04632030324399455 20.20981997863224 0.08673994320125902
0.04632387856029777 20.20705769422007 0.08673799394873791
0.04632256293464106 20.207853827637763 0.08673827058991658
0.04632142305614438 20.2088057731303 0.08673903460240498
0.0463203385884116 20.208820788574567 0.08673798016556072
0.04632054856219761 20.208527953787808 0.08673760446977323
0.046320540794598755 20.209058800696646 0.08673865839599204
0.04632052549810878 20.20881836658723 0.08673816223128325
0.04632043263601393 20.208908358703304 0.08673824935342053
0.04632039367008581 20.20923848548886 0.08673887064106353
0.046320305348536026 20.208828895503633 0.0867379631395433
0.04632019266395482 20.209600330387563 0.08673939332472994
0.04632001316730859 20.209458643491956 0.08673893045429251
0.04632001779990823 20.209615617721404 0.08673924903535105
0.04632005108527458 20.209501160597934 0.08673905340647045
0.046320153616629 20.2094084451306 0.0867389705068902
0.04632029496017371 20.20931895573556 0.08673893287164483
0.04632020594995574 20.209280135708227 0.0867387662213722
0.046320133750688205 20.208906117922403 0.086737945986533
0.04632018972120283 20.209032483884002 0.08673825468897084
0.046320301677125635 20.208774542555197 0.08673785076223603
0.046320366066459236 20.20844316475253 0.0867372523959643
0.046320428546459985 20.208356848528503 0.086737142243517
0.0463204534566047 20.20803967307105 0.0867365328027468
0.04632046679418194 20.208074990808186 0.0867366167757983
0.046320480014669596 20.208230516511257 0.08673694104769211
0.04632053557356295 20.20792386016231 0.08673638329388758
0.04632049171251976 20.207767905497892 0.08673602752351554
0.04632055506275914 20.20791403831763 0.0867363831393944
0.04632063866445742 20.207634310164707 0.08673590728478683
0.04632057346401861 20.207533475170276 0.08673564041435916
0.04632068528859104 20.20723046963202 0.08673514622785508
0.046320600125362606 20.207444696871168 0.08673548951910494
0.04632056920080752 20.207676881472302 0.08673592296375213
0.046320524746991096 20.20795473370822 0.08673643421440753
0.04632059517086701 20.207590102198495 0.086735775375264
0.04632048524145531 20.20762694346031 0.08673573912837593
0.046320477301265234 20.207622330385913 0.08673572196203706
0.04632041733319522 20.207352559973238 0.08673512245314169
0.04632040456817719 20.207187809942653 0.0867347801880625
0.04632037192358551 20.20736740557139 0.08673510673472828
0.046320295543069455 20.20742993602874 0.08673515541512694
0.04632029743195149 20.20744334336021 0.08673518411867191
0.04632035739131709 20.207258515302925 0.08673487442192293
0.04632038186633335 20.207279142050602 0.08673494015043456
0.04632042248175876 20.207174304287054 0.08673477109033287
0.04632040421713819 20.2070315286304 0.08673446727439899
0.04632034195273826 20.207360100250334 0.08673506215323892
0.04632031505695794 20.20717014503933 0.0867346553470366
0.04632032911440723 20.206992511181493 0.08673431413677021
0.04632029773716832 20.207135344471954 0.08673456842611224
0.04632027822928908 20.207065671317295 0.08673440957192367
0.04632024845400347 20.20715382535188 0.08673455610470723
0.04632027300571939 20.207211246741792 0.08673469549920299
0.04632025356803497 20.20731655751595 0.08673488668306686
0.04632026104829329 20.207605851546212 0.08673547275138571
0.046320124687281757 20.207548236103634 0.08673522115948903
0.04632009615928253 20.207447162954328 0.08673499048519118
0.04632006690985303 20.207521499298572 0.08673510990845018
0.046320020279592485 20.207280038150962 0.0867345803558944
0.04632006951717291 20.207270241375408 0.08673460999992372
0.04632006260558949 20.207124248873768 0.08673431110333703
0.04632007017904266 20.20727381258292 0.08673461780420849
0.04632005509684367 20.207172955832768 0.08673440100850921
0.046320026237627016 20.207228349493874 0.08673448293661476
0.04632004980304724 20.20723705194556 0.08673452390693837
0.04632003873479369 20.207323843581378 0.08673468642195645
0.04632006212850341 20.207479190626536 0.08673502050975648
0.04632004457567809 20.20738050282403 0.08673480558132615
0.04632002726379569 20.207261636239572 0.08673455053627484
0.04632002513233771 20.207317628906605 0.08673466039015093
0.046320050154064055 20.207332814203838 0.08673471578247173
0.04632002525691373 20.207568490004636 0.086735162236923
0.046320036362249115 20.207637346384722 0.08673531105501855
0.04632002697606031 20.20753309621722 0.08673509316849475
0.04632004690172231 20.207472077619038 0.08673499105696039
0.046320043247922243 20.207414440253807 0.08673487212842985
0.04632005241147017 20.207350324083016 0.08673475305963621
0.04632005465173074 20.207331620590715 0.08673471789291218
0.04632006514188404 20.207308410886377 0.0867346819636568
0.046320040940396295 20.207351468486554 0.0867347438773694
0.046320043078668674 20.207353475015147 0.08673475002869896
0.04632000557782182 20.207376493647775 0.08673475856511736
0.04632002508846017 20.207407716627344 0.08673484052171486
0.0463200149676573 20.20742092021449 0.08673485680808628
0.046320013501528826 20.20748407287907 0.08673498164728696
0.04632001961129678 20.207475436194247 0.08673497048368528
0.04632004533759407 20.207430249910296 0.08673490583741467
0.04632004910079948 20.207445265263594 0.08673493963132667
0.046320068058030274 20.20753671175656 0.0867351414815434
0.04632008447799939 20.2075330037952 0.08673515048558979
0.046320069927726214 20.207455833801582 0.08673498159532939
0.04632008692211157 20.207533674674224 0.08673515427146002
