54.88908729913318 0.0 54.88908729913318
0.32796626843194066 347.08063555419335 0.675046903986134
0.052831519696968546 109.2867396942627 0.16211825939123126
0.04269882494939491 42.40984973632397 0.0851086746857189
0.04178223583152614 25.936596143320912 0.06771883197484706
0.04145776541738043 24.64195365682795 0.06609971907420838
0.04144194593560703 23.73606104423848 0.06517800697984551
0.04136907473599151 23.73378762336587 0.06510286235935739
0.04135563571079483 23.717653319041858 0.06507328902983668
0.041371769078182616 23.694770280491532 0.06506653935867415
0.04136907831248231 23.69663263988983 0.06506571095237214
0.04136855746857517 23.6967403094677 0.06506529777804287
0.04136927903391279 23.69574790718388 0.06506502694109667
0.04136911518781203 23.695600235748543 0.06506471542356057
0.04136861324335158 23.696145607840517 0.06506475885119209
0.04136853290277725 23.696167412240005 0.06506470031501725
0.0413686237348161 23.69608893913908 0.06506471267395518
0.041368958615457904 23.69570200230114 0.06506466061775905
0.04136911153777806 23.695615731632916 0.06506472726941098
0.0413688237919473 23.69585209002357 0.06506467588197087
0.04136857088357726 23.696009039137852 0.06506457992271511
0.04136872809349933 23.695794556077956 0.06506452264957728
0.0413689896308857 23.69552374619305 0.06506451337707875
0.04136898200083335 23.69562458725288 0.06506460658808623
0.04136884130893555 23.695771753532917 0.06506461306246847
0.04136883284139854 23.69570651330921 0.06506453935470775
0.041368944434594386 23.695538721311642 0.06506448315590603
0.04136901713185839 23.695497908315787 0.06506451504017419
0.04136900525308063 23.695507693575117 0.06506451294665574
0.041369003551218184 23.69552805144089 0.06506453160265907
0.04136903319163805 23.695478891171348 0.0650645120828094
0.04136907833322315 23.695373632696967 0.06506445196592012
0.0413690751227857 23.69541511627973 0.06506449023906544
0.041369059078049136 23.69541261737146 0.0650644716954206
0.04136906402102251 23.69546031089253 0.06506452433191504
0.041369045495060416 23.695471999394293 0.06506451749445472
0.041369016339225795 23.695559003645926 0.06506457534287172
0.041369022661071175 23.695506367043166 0.06506452902811434
0.041369017430157376 23.69555986543957 0.06506457729559695
0.04136902906205151 23.695298159648637 0.06506432722170015
0.04136905940854795 23.69533184835918 0.06506439125690713
0.041369074299142744 23.69518393674195 0.0650642582358847
0.041369076749070186 23.695221016008052 0.06506429776507824
0.04136907632471694 23.695292627219228 0.06506436895193617
0.04136907909541972 23.695237037253357 0.06506431613267308
0.04136910524678217 23.69520664193908 0.06506431188872125
0.041369133510165294 23.695223844935523 0.06506435735510081
0.041369133813080744 23.69512370424061 0.06506425751732135
0.04136914094572238 23.69508087215521 0.06506422181787759
0.04136915041615678 23.6949725794642 0.06506412299562098
0.04136916393121613 23.69492568020172 0.06506408961141785
0.041369162223243126 23.69510142598698 0.06506426364923011
0.041369160088380784 23.695143950257673 0.06506430403863846
0.04136918024516062 23.695032739492135 0.06506421298465276
0.041369183909966675 23.694966362446575 0.06506415027241325
0.041369173271969914 23.695001007632882 0.0650641742796028
0.04136918066407533 23.694977210175928 0.06506415787425125
0.04136919482762523 23.694889070341482 0.06506408389796671
0.041369202476511845 23.694857205172507 0.06506405968168436
0.0413692553754341 23.694929679003423 0.06506418505443752
0.041369283209219135 23.694958209952336 0.06506424141917147
0.04136931969857377 23.694926216052203 0.06506424591462598
0.04136933493299559 23.694834665213467 0.06506416959820906
0.04136938390453604 23.694746323425868 0.06506413022796191
0.04136942044185487 23.694617058894856 0.06506403750074972
0.04136946003987001 23.69467719829592 0.06506413723816593
0.04136949523062722 23.694699710178618 0.06506419494080584
0.04136952536782612 23.69461965688128 0.06506414502470739
0.041369553519506955 23.694569804635773 0.06506412332414273
0.0413695517179854 23.69446415779099 0.06506401587577638
0.04136952457916499 23.694366024608872 0.06506389060377386
0.04136951332860056 23.694513639145967 0.06506402696774653
0.041369508276759864 23.69442905918403 0.0650639373359439
0.04136949827903391 23.694439610762338 0.06506393788979625
0.041369514317275285 23.6944043249009 0.06506391864217619
0.04136949905292017 23.694425760943872 0.06506392481386404
0.04136947341511997 23.69445797737191 0.06506393139249188
0.04136947340284715 23.694510939640125 0.06506398434248728
0.04136949411380517 23.694370071998534 0.0650638641858037
0.04136949520479598 23.694296759658727 0.0650637919644547
0.041369507491325314 23.694281402160623 0.06506378889348594
0.04136949694391291 23.69437129995295 0.06506386824386587
0.041369502944078054 23.694445593046915 0.06506394853712497
0.04136951767801364 23.694186411350046 0.06506370408936368
0.041369518635413265 23.694315335888888 0.06506383397130215
0.04136950125352252 23.694407668205336 0.06506390892172785
0.041369497294779026 23.694380206561558 0.06506387750134059
0.041369464417930504 23.694505998380237 0.06506397041631073
0.04136944634832709 23.694447433393073 0.06506389378172016
0.04136946906939873 23.69441128518466 0.0650638803545834
0.041369449837007306 23.694329006541352 0.06506377884354866
0.041369450361110685 23.694124339512896 0.06506357470062359
0.041369457938460225 23.69405226517935 0.06506351020363957
0.041369476144081235 23.694009249690417 0.06506348539377166
0.04136947744888815 23.69402714024006 0.06506350458912821
0.04136949388583386 23.694049696206164 0.06506354358204003
0.04136949451630032 23.694011705954242 0.06506350622225457
0.04136952281070916 23.69398932210661 0.06506351213281578
0.041369536821444 23.694089102681424 0.06506362592412543
0.04136955258430368 23.694024758886826 0.0650635773431905
