3.167575132403726002e+03 3.086825406275340356e+03 3.008587508782178702e+03 2.931576851123635606e+03 2.572986898879767068e+03 2.338939275536029982e+03 1.882637337992234961e+03 1.774492339821862970e+03
3.137262352797244603e+03 3.048838770313907844e+03 2.875507557188262126e+03 2.748337489097766593e+03 2.315086144908230381e+03 2.123541034183292595e+03 1.838107007489169973e+03 1.791124592646036945e+03
2.921327320586999122e+03 2.861486114119857575e+03 2.702631066766543427e+03 2.567013680418082004e+03 2.203285687444278210e+03 2.087762684101649029e+03 1.756026306391004709e+03 1.627678640650509578e+03
2.755855759411777399e+03 2.669167151293934694e+03 2.530759620954202092e+03 2.406208816771905276e+03 2.178564913138495285e+03 2.081979151236949292e+03 1.806286609890350746e+03 1.661289309908701398e+03
2.944186863588678534e+03 2.880258717134661310e+03 2.785247391947043070e+03 2.689909830048060030e+03 2.365622332087917130e+03 2.206213768272838479e+03 1.883275264799339993e+03 1.828992231642301704e+03
3.052313899541791670e+03 2.977978737878523589e+03 2.823181001777480105e+03 2.726349372526015941e+03 2.447510311088525214e+03 2.252221353618542707e+03 1.907739133259181472e+03 1.816689486507711308e+03
2.989784916100345072e+03 2.922421435890893008e+03 2.813413625014141417e+03 2.716061840800710343e+03 2.412255820789016980e+03 2.289705883086924587e+03 2.002068314087084673e+03 1.923481655311359191e+03
2.920625597141688104e+03 2.891698620195573312e+03 2.838143000766234763e+03 2.796578178071018101e+03 2.486734540327720879e+03 2.346061237717613039e+03 2.060366418100498777e+03 1.959082196950927255e+03
3.109458035856327115e+03 3.056705518693039267e+03 2.915183359991368889e+03 2.820645355364790248e+03 2.415806388577043435e+03 2.205680382694348282e+03 1.891752505232059775e+03 1.840862285540178846e+03
2.995841898958639376e+03 2.976542302921267947e+03 2.906753239579604269e+03 2.840050311900496581e+03 2.542624284777681623e+03 2.309127559368908805e+03 1.791964912587339995e+03 1.705440223549501752e+03
2.787035617191851543e+03 2.730514964791622788e+03 2.633380216574848419e+03 2.571485071096568845e+03 2.247453388474150870e+03 2.054668694181911633e+03 1.777701102472859930e+03 1.718883576285159961e+03
2.827560434231196268e+03 2.760361111212447213e+03 2.628627266123317440e+03 2.539984112579985776e+03 2.308223627616970589e+03 2.120907964986314710e+03 1.821986386744905758e+03 1.766144911150066491e+03
2.652297771409716006e+03 2.612626659490532802e+03 2.576889738279180165e+03 2.597500849765651310e+03 2.474474557817752157e+03 2.285467343687788798e+03 2.040347760164011561e+03 2.015560374652729024e+03
3.009145587141952092e+03 2.895281108148414660e+03 2.733223829810759980e+03 2.630075164314082031e+03 2.353782615018112210e+03 2.209307458839679384e+03 1.931086897448488116e+03 1.849349048642013258e+03
3.048035442632612103e+03 2.986177892837495165e+03 2.838360199125358122e+03 2.719722523149293011e+03 2.508700044321497899e+03 2.333852169796742146e+03 1.906953923930724159e+03 1.778504259259774699e+03
2.690352110905447717e+03 2.625028771300374501e+03 2.537928320448658724e+03 2.506894187859454178e+03 2.332891275938571653e+03 2.171609441754819272e+03 1.785571534972512154e+03 1.683140479668148828e+03
2.903988869664983667e+03 2.842729376403813603e+03 2.730186730285101930e+03 2.651140824819744012e+03 2.360389497197538276e+03 2.164175204185487928e+03 1.720075697442793626e+03 1.603657227384920134e+03
2.824753773279041070e+03 2.797333986047646704e+03 2.732317718737717314e+03 2.701379511757976616e+03 2.512912072947508932e+03 2.309694170550917534e+03 1.977986831957465256e+03 1.861336235657646739e+03
3.008507383904811832e+03 2.954842798849088922e+03 2.763959604462404059e+03 2.652402704890680980e+03 2.445205108792176816e+03 2.287070765366430805e+03 1.900832403114970475e+03 1.819016930519120024e+03
2.842742058205340982e+03 2.807431804969473887e+03 2.689339511733808195e+03 2.630148050214241721e+03 2.464896455081805016e+03 2.363944446763585802e+03 2.122493388987640174e+03 2.072396631183996305e+03
2.958119074905709567e+03 2.896282533183769829e+03 2.760123758096285655e+03 2.668583551492559764e+03 2.468534249383626047e+03 2.336662935503753488e+03 1.951401334260057865e+03 1.823346190119845915e+03
3.351627206735291111e+03 3.259205809862008209e+03 3.054306375531298727e+03 2.899882191570777650e+03 2.453545839372012324e+03 2.237749719961777373e+03 1.801308827672256029e+03 1.668222365813633132e+03
3.150586272952033141e+03 3.072022840865931357e+03 2.911263663866747720e+03 2.797674452473549991e+03 2.621010570387136795e+03 2.473447208822180983e+03 1.995128479960046661e+03 1.863387646929466428e+03
2.899182665721958529e+03 2.819754406176952216e+03 2.730515479480214253e+03 2.705312380399940139e+03 2.472339360436330935e+03 2.311083725606412372e+03 1.908020523727090904e+03 1.773272362825740402e+03
3.111550618744707208e+03 3.088124184207490543e+03 2.948526155775390635e+03 2.828649351358847525e+03 2.431423235911688607e+03 2.245594429185352055e+03 1.928911174049818328e+03 1.852368870680097871e+03
2.994979074847007723e+03 2.928672727657953146e+03 2.853123342781783322e+03 2.784335492694782261e+03 2.469092429881563476e+03 2.276296676525702878e+03 1.885144286022321467e+03 1.805916140940942114e+03
2.839491361497798152e+03 2.745885323773498840e+03 2.642332174216716794e+03 2.577512078980953447e+03 2.310344568285669084e+03 2.153983107602096425e+03 1.841081280477919563e+03 1.756600889422931232e+03
2.970525954603802802e+03 2.926650432945239572e+03 2.851456106813652696e+03 2.745464219828073965e+03 2.283731809295309176e+03 2.165073590457367573e+03 1.935762226818820182e+03 1.831038281686126993e+03
3.258995216674679796e+03 3.179470975047643151e+03 2.972342728406625156e+03 2.817615115635002894e+03 2.478352944110312365e+03 2.342094740178742086e+03 1.964056290193979294e+03 1.827833684376123529e+03
2.409987277984871071e+03 2.402932144137284013e+03 2.301761439735365457e+03 2.256176784000131192e+03 2.087770615083103166e+03 2.007630701940144036e+03 1.859489154201417477e+03 1.780962310279905978e+03
