5.126972514908677567e+02 4.700958339403842956e+02 4.421390102596654970e+02 4.218239967469018552e+02 3.928736073340293160e+02 3.929537649681653306e+02 2.428575701329546348e+02 1.328230166683101459e+02
3.285764228439567205e+02 3.077846601289502360e+02 3.054213157488092634e+02 3.024984340524480899e+02 2.798083321348069603e+02 2.537281929414974115e+02 2.031750536182552196e+02 1.682832849303353839e+02
3.369389057474683682e+02 4.336071730520901610e+02 3.365026211336959250e+02 3.358013375252784840e+02 3.319141363456267868e+02 3.297889941831028295e+02 2.764370346461433314e+02 2.224300175462162201e+02
3.159185103600082130e+02 4.174533973442670458e+02 3.019431637561487491e+02 2.965074522138156112e+02 2.741876823678560982e+02 2.616277913644366890e+02 1.815412806355299722e+02 1.128800335117081204e+02
9.839567838757709524e+02 8.206370312529761577e+02 6.939227751357776697e+02 6.644686313611008472e+02 6.158929245292432597e+02 5.607379081204112481e+02 1.976145579439982214e+02 1.353400314690717323e+02
7.309464102197790680e+02 6.807497309314495624e+02 6.240195035866320268e+02 5.749688824949520267e+02 3.933221654326446242e+02 3.058925590096253586e+02 1.653927032373718760e+02 1.650111494912884496e+02
7.606608511762862008e+02 8.220652835476602149e+02 6.287414239937413640e+02 5.299451208098720372e+02 4.830970372786222811e+02 4.594214718751322835e+02 2.920929092399624665e+02 2.075917339420434473e+02
3.326995328903083760e+02 6.230300922043215905e+02 4.503894768015354657e+02 3.157072116046929295e+02 2.685852964606523869e+02 2.324083820512911700e+02 1.483290797693557863e+02 1.341807096075215782e+02
1.060728684943211192e+03 8.993264022403172930e+02 8.373580411821916414e+02 7.740593159500895126e+02 6.609125875489793316e+02 6.324079441380015396e+02 4.771256686235917641e+02 3.703694716327909191e+02
3.886580996292052532e+02 7.776127174334623078e+02 9.733035629905656378e+02 7.164493243371946392e+02 2.997099170947656148e+02 2.759918264317773833e+02 2.327265876359569461e+02 1.863197668037530832e+02
7.174069195598926854e+02 6.459723016280374850e+02 6.391514903287603602e+02 6.348691805408452637e+02 6.132794039566642823e+02 5.755298061677750638e+02 2.293801850008284759e+02 2.087818054446746032e+02
3.295695116373074143e+02 3.466772596018127501e+02 5.203577541053571167e+02 6.505286663713769713e+02 4.612987318306995803e+02 3.168003357630146297e+02 1.353375709151244166e+02 9.512775736578642238e+01
1.984162808410409070e+03 1.586893442299444814e+03 1.022636010298500196e+03 9.370884000677875747e+02 8.828041897608944737e+02 8.171309788586496552e+02 4.259674381316671088e+02 3.007050046792304556e+02
7.211153397379696344e+02 6.244993073969284296e+02 6.024646279740147747e+02 5.753337966320867736e+02 4.103760078661548505e+02 2.621294615601243549e+02 1.454402737093515441e+02 1.425696815709006842e+02
4.764422498605342753e+02 4.688613683664678433e+02 4.533544262026896945e+02 4.339791155371159448e+02 3.356114026036505606e+02 2.922524412494074113e+02 1.501174254916236919e+02 9.700445674498048731e+01
4.466414412563577798e+02 4.427549808223800483e+02 4.270499980227276637e+02 4.235468983684194200e+02 4.070682579985076472e+02 3.850414303886858534e+02 2.130458655494859386e+02 1.404699071541494959e+02
4.434489138713867078e+02 4.338173457210501169e+02 4.170260838770807936e+02 4.117666067207736660e+02 3.940492923182255254e+02 3.726284202431842232e+02 2.188264706840573126e+02 8.150768180217569636e+01
2.837259888831536045e+02 2.816487731672141308e+02 2.776672527908479537e+02 2.726911674856034438e+02 2.403889293895887818e+02 2.222696990785292996e+02 1.748721508477674718e+02 1.205741510412615725e+02
5.495912485204927407e+02 1.125600162163003233e+03 9.143216613634449459e+02 9.158241792953868980e+02 5.332348855447243068e+02 4.624512233498414844e+02 2.852110829018353684e+02 1.570569756523321985e+02
9.155683766674520712e+02 8.994632355750503621e+02 8.443403025788549030e+02 7.759268160406952575e+02 7.052564576677040122e+02 6.664040990569020551e+02 4.204650078206351509e+02 2.674318185444732308e+02
4.295727157333848822e+02 4.246692548753811707e+02 4.177965470509221859e+02 4.277179515888331593e+02 4.015683512582508570e+02 3.827594189489832956e+02 2.332945230335894280e+02 8.844967251184816348e+01
1.226801257580316076e+02 1.763701996718741896e+02 2.167958806548151358e+02 1.915182275876693154e+02 2.970967672149761825e+02 2.421473155025377082e+02 8.014904648489968508e+01 7.487585734543654326e+01
2.620915006970138847e+02 9.715294961074079083e+02 1.083563223857642697e+03 6.544767362325726481e+02 2.385792709668958196e+02 2.255211138924978513e+02 1.372693631030701056e+02 1.015528105493593500e+02
1.664975343811611026e+02 3.976447303177911863e+02 2.165558576257369054e+02 3.204785804951673640e+02 2.229831482266953060e+02 1.489931186362503013e+02 1.129341714402221299e+02 6.181861182204021077e+01
6.889487714323425962e+02 6.543425705048946384e+02 6.307732458186225131e+02 6.130094189175542851e+02 4.976766800166735720e+02 4.403483306670766524e+02 1.760309069710810945e+02 1.680888056002710016e+02
4.304492146507894290e+02 4.723184052962631654e+02 4.151898576918443950e+02 4.131893088683895030e+02 3.978001991547069451e+02 3.787402084938102007e+02 2.426722119377597551e+02 1.290341659440423712e+02
1.186941759243686647e+03 8.402814225708941649e+02 8.801373295879442367e+02 9.890698886790518145e+02 6.070683578687178397e+02 5.702721156998846936e+02 3.142464981954811378e+02 1.393356032574613437e+02
2.702103408296127895e+02 2.896138110552222997e+02 4.305693195105846485e+02 3.668465104049009824e+02 2.269455406805857649e+02 2.172582243692572490e+02 1.740361702561661730e+02 1.507801264199623859e+02
2.549474489852751162e+02 2.510939596202314306e+02 2.442489950980178151e+02 2.445448431710018156e+02 2.256591377728998395e+02 2.150260419502093612e+02 1.455979202283802749e+02 1.237797558503133786e+02
2.213366770773324788e+03 1.877958434397693964e+03 1.135502194849234002e+03 9.446933565977169565e+02 7.621468813689155013e+02 6.356573379041665248e+02 4.493392690843951414e+02 2.500489965610001661e+02
