4.046962639034128451e-01 4.115410210096016597e-01 4.191463066831447870e-01 4.273219887822036211e-01 4.799885920714896947e-01 5.254301739709097419e-01 6.297176537693697229e-01 6.480654054567924760e-01
4.074531799600722426e-01 4.120163513641981190e-01 4.188611084703869336e-01 4.294134423424280089e-01 4.806540545679247045e-01 5.155433025953037873e-01 6.105143074436732986e-01 6.246791520106473872e-01
3.979465728681433334e-01 4.080235763855880049e-01 4.188611084703869336e-01 4.314098298317330382e-01 4.888297366669835387e-01 5.294229489495199115e-01 6.477802072440346226e-01 6.745888392432740632e-01
4.114459549386823567e-01 4.197167031086604938e-01 4.330259530373609667e-01 4.491871850936400845e-01 4.980511455461545944e-01 5.286624203821655987e-01 6.334252305352219281e-01 6.689799410590360207e-01
4.229489495199163507e-01 4.260861298602528491e-01 4.364483315904553740e-01 4.515638368666223257e-01 5.077478847799220540e-01 5.352219792755965599e-01 6.270558037836295728e-01 6.381785340811864105e-01
4.013689514212377407e-01 4.093545013784580244e-01 4.243749405837056732e-01 4.353075387394239049e-01 4.828405741990683397e-01 5.197262097157524519e-01 6.075672592451754062e-01 6.261051430744367652e-01
4.191463066831447870e-01 4.201920334632569531e-01 4.286529137750736962e-01 4.407263047818233415e-01 4.841714991919384148e-01 5.153531704534651814e-01 5.721076147922806721e-01 5.720125487213613136e-01
4.237094780872706634e-01 4.303641030516208721e-01 4.365433976613746769e-01 4.492822511645593875e-01 4.837912349082612584e-01 5.144975758151915102e-01 5.991063789333587186e-01 6.221123680958265956e-01
4.381595208670025499e-01 4.397756440726304783e-01 4.452894761859492179e-01 4.583135279018918373e-01 5.031847133757961776e-01 5.270462971765377258e-01 5.764806540545679425e-01 5.872231200684475683e-01
3.919574104002281345e-01 3.965205818043540109e-01 4.078334442437493990e-01 4.235193459454320575e-01 4.709573153341572449e-01 5.036600437303926370e-01 6.306683144785626416e-01 6.577621446905599356e-01
4.189561745413061811e-01 4.299838387679437157e-01 4.489019868808822311e-01 4.584085939728110848e-01 5.050860347941819040e-01 5.375986310485787456e-01 6.182146591881357844e-01 6.313337769749975958e-01
3.997528282156098678e-01 4.058370567544443142e-01 4.158189942009696827e-01 4.262762620020914550e-01 4.748550242418481115e-01 5.077478847799220540e-01 6.285768609183381983e-01 6.510124536552904795e-01
4.189561745413061811e-01 4.227588173780777447e-01 4.278923852077193835e-01 4.380644547960833024e-01 4.609753778876319319e-01 4.812244509934404668e-01 5.409259435307538499e-01 5.510980131191177689e-01
3.982317710809012423e-01 4.034604049814621285e-01 4.147732674208575165e-01 4.280825173495579339e-01 4.732389010362201831e-01 5.069873562125677413e-01 5.857020629337389428e-01 6.010077003517444449e-01
3.770320372658997887e-01 3.846373229394429161e-01 4.037456031942199819e-01 4.215229584561270282e-01 4.659188135754349092e-01 5.028995151630383242e-01 6.000570396425515263e-01 6.292423234147732636e-01
4.084038406692651613e-01 4.128719460024717347e-01 4.255157334347371423e-01 4.379693887251639994e-01 4.884494723833063823e-01 5.340811864245650353e-01 6.469246126057609514e-01 6.739233767468389980e-01
3.967107139461926169e-01 4.071679817473143892e-01 4.241848084418671228e-01 4.376841905124061460e-01 4.891149348797414476e-01 5.240041829071204749e-01 6.570966821941248703e-01 6.921760623633425036e-01
4.467154672497385959e-01 4.499477136609943972e-01 4.662990778591120655e-01 4.704819849795607856e-01 5.058465633615362167e-01 5.378838292613365990e-01 6.437874322654244530e-01 6.701207339100675453e-01
3.942389961022910727e-01 3.969959121589504702e-01 4.117311531514402656e-01 4.229489495199163507e-01 4.634470957315334205e-01 5.045156383686661972e-01 6.130810913584942012e-01 6.303831162658047882e-01
4.091643692366194740e-01 4.117311531514402656e-01 4.238996102291092138e-01 4.351174065975852989e-01 4.795132617168932354e-01 5.034699115885540310e-01 5.498621541971669968e-01 5.602243559273695217e-01
4.149633995626960670e-01 4.173400513356783081e-01 4.291282441296701000e-01 4.414868333491776542e-01 4.805589884970054015e-01 5.219127293468961426e-01 6.539595018537883719e-01 6.751592356687897700e-01
4.061222549672022231e-01 4.162943245555661420e-01 4.278923852077193835e-01 4.400608422853883317e-01 4.914915866527236332e-01 5.230535221979275562e-01 6.482555375986310819e-01 6.788668124346420862e-01
3.787432265424470201e-01 3.830211997338149876e-01 3.944291282441296786e-01 4.065975853217986269e-01 4.551763475615552834e-01 4.951991634185758939e-01 6.304781823367240357e-01 6.575720125487213297e-01
4.219982888107234320e-01 4.278923852077193835e-01 4.381595208670025499e-01 4.474759958170928531e-01 4.954843616313338028e-01 5.246696454035554291e-01 6.516779161517254337e-01 6.763950945907405421e-01
3.834965300884114470e-01 3.892004943435687925e-01 4.020344139176728060e-01 4.172449852647590052e-01 4.743796938872516522e-01 5.067021579998098879e-01 5.843711379408689233e-01 6.061412681813860281e-01
4.002281585702062716e-01 4.052666603289286074e-01 4.198117691795797968e-01 4.300789048388630187e-01 4.816047152771176232e-01 5.053712330069398684e-01 6.197357163228444099e-01 6.431219697689894987e-01
4.057419906835250667e-01 4.150584656336153699e-01 4.295085084133472564e-01 4.399657762144690287e-01 4.891149348797414476e-01 5.258104382545869537e-01 6.359920144500428307e-01 6.566213518395285220e-01
4.400608422853883317e-01 4.438634851221598954e-01 4.551763475615552834e-01 4.693411921285293165e-01 5.132617168932408491e-01 5.443483220838483128e-01 6.334252305352219281e-01 6.571917482650442288e-01
4.174351174065976111e-01 4.234242798745128100e-01 4.370187280159710808e-01 4.450042779731913645e-01 4.879741420287099785e-01 5.179199543682859730e-01 6.262952752162752601e-01 6.430269036980701403e-01
4.427226922711284263e-01 4.441486833349177488e-01 4.595493868238425539e-01 4.685806635611750037e-01 5.106949329784199465e-01 5.406407453179959965e-01 6.174541306207814717e-01 6.401749215704914953e-01
