1.929923409159483090e-29 1.076989266442275606e-02 8.586653953167774911e-02 1.892390357380032140e-01 1.211422376707527393e+00 2.581952044471201635e+00 8.832520870688687964e+00 1.104291199159922066e+01
8.443414915072737501e-29 9.786329003154107045e-03 8.458990338997553204e-02 1.950993955468309782e-01 1.195955876649853256e+00 2.527027858812243899e+00 7.817142499204358330e+00 9.619282613688405092e+00
9.292581215102909825e-28 9.561105519492608951e-03 8.471574632473147237e-02 2.052415945312211776e-01 1.270498506021042306e+00 2.690057358854542446e+00 9.845288886904297598e+00 1.297090606769285515e+01
7.912685977553879799e-29 8.573799846041455647e-03 8.176155675273137635e-02 2.020476748103464670e-01 1.223171997967273938e+00 2.538473388973610412e+00 9.296834869976549953e+00 1.233904920119153026e+01
1.669908953454712885e-22 1.141394807890188171e-02 9.083035373348299912e-02 2.106772130462034320e-01 1.261703734662193099e+00 2.620171586231163641e+00 8.686544992051468128e+00 1.059562286713147117e+01
1.640434897785560528e-29 1.018233967448402451e-02 9.333173967509134084e-02 2.232420820741003731e-01 1.320369002300574524e+00 2.713877103380442080e+00 8.053185126012817108e+00 9.717326174515273252e+00
1.032509023900323289e-28 9.416118761904724438e-03 8.157997024325024105e-02 1.919849178196659789e-01 1.220038693784318395e+00 2.442428232426206769e+00 6.399546541462478366e+00 7.369001990570038352e+00
2.798388943281250214e-29 9.386098230855458718e-03 7.569600900830518453e-02 1.837037953717880479e-01 1.204089671556487939e+00 2.536616149036082124e+00 7.791953171765217512e+00 9.412115304904542512e+00
8.474121607998511528e-22 9.482831440045490223e-03 8.456600936806626945e-02 1.978049472297042366e-01 1.229355599856581716e+00 2.401762796622177287e+00 6.010975231408762554e+00 6.732108246401809382e+00
1.066282683560614427e-28 7.295084977275379835e-03 7.417870003286101965e-02 1.746221419988011059e-01 1.253624191182695746e+00 2.699423568941769602e+00 9.810971768800303749e+00 1.240698783708711872e+01
2.045718813709051834e-28 1.023524093670762948e-02 8.143236178353087384e-02 1.986370143298714919e-01 1.321369645707588303e+00 2.682633909176278753e+00 8.233646675815290195e+00 9.883823848090152353e+00
8.636407255988686062e-29 8.506967369687314443e-03 7.716931442892294157e-02 1.973616947384521925e-01 1.295692567386552252e+00 2.742653070634557100e+00 9.557983895162234234e+00 1.193580451374726259e+01
3.329117880800107916e-29 1.619892844845586058e-02 1.008169215738393965e-01 2.265547300999030955e-01 1.262460769441132502e+00 2.360271759912370815e+00 5.474586473076327842e+00 6.148394812840038526e+00
6.209605027711298466e-22 1.102248009837883923e-02 8.566573645675386317e-02 2.029812058842567213e-01 1.275649649140232711e+00 2.583359669524273095e+00 7.105874594548548195e+00 8.185314665209544316e+00
8.264896999725485783e-28 8.837795553725623365e-03 7.928461939655818969e-02 1.970021437500269756e-01 1.293991851084242528e+00 2.712027365860420147e+00 8.556046010844816863e+00 1.037656265038221370e+01
9.668916279889009351e-28 9.482135004504128883e-03 9.144528772297376429e-02 2.200427600336258838e-01 1.351371452731550793e+00 2.830741616970490426e+00 9.740821636609990009e+00 1.260290467420654181e+01
2.750140858052263354e-29 8.195236230888096676e-03 7.332913513978160658e-02 1.744810478480566251e-01 1.224044851580534443e+00 2.676587730060675963e+00 1.074534170934540178e+01 1.439005919028967639e+01
3.811598733089978759e-29 8.333998705574711952e-03 7.185937374209479256e-02 1.715663836472541559e-01 1.185638446797639523e+00 2.500887094060455507e+00 9.227348030826822978e+00 1.251734484680394743e+01
4.438823841066810742e-29 8.960056994867914709e-03 7.853539730729801327e-02 1.891613397466558599e-01 1.271113509657641583e+00 2.609423891319444966e+00 8.479352591082562896e+00 1.043739144883983094e+01
2.049842152970423385e-22 1.095991339390687581e-02 8.648005837204979229e-02 1.995389197877621701e-01 1.168092657354302899e+00 2.191369052615215640e+00 5.237817316581066862e+00 5.836135066831431573e+00
9.456624704881466046e-29 8.913656093435905550e-03 7.961549060349938645e-02 1.863646098084975888e-01 1.218203793204373220e+00 2.624349977321299932e+00 1.000382455929004877e+01 1.326085177379020585e+01
6.513491505913255252e-29 5.094179854820132108e-03 5.804515579536592002e-02 1.544061090190723684e-01 1.168127147960384749e+00 2.529410983318761907e+00 1.026923186472902216e+01 1.401439064550828029e+01
8.395166829843750641e-29 6.975825165548028145e-03 7.163086766318305099e-02 1.714784036019019742e-01 1.239155974460651510e+00 2.629933475053179759e+00 9.225538423815052624e+00 1.167449227508628695e+01
3.473862136487069617e-29 6.916417684342969670e-03 6.666196251218639568e-02 1.671106173802424655e-01 1.191588434783518835e+00 2.587255682715562166e+00 1.005559985509173870e+01 1.363295310101946534e+01
6.605816291666586374e-23 9.237457105689838091e-03 8.059516447814224493e-02 1.978681977272657710e-01 1.230563059698557948e+00 2.495535260305139058e+00 7.250060924172121446e+00 8.679914034350687757e+00
1.056633066514816831e-28 9.172672400235533721e-03 7.644085365572265978e-02 1.864222677774430015e-01 1.263670649151118486e+00 2.687339954795433972e+00 8.805185762154337681e+00 1.082732791543826600e+01
5.693274057020475269e-29 1.182444223801857285e-02 9.031403002758761622e-02 1.964400866879526530e-01 1.298989752859980529e+00 2.707162598709291323e+00 8.825675846459372309e+00 1.105690730251430409e+01
8.009182148011854640e-29 7.825191734380905484e-03 6.849752605465697641e-02 1.711621179223858091e-01 1.215735563942838215e+00 2.610522896642526014e+00 9.246267526813777948e+00 1.169772845655509563e+01
2.750140858052263354e-29 7.355889462565652452e-03 7.209589353721555793e-02 1.810467478921682083e-01 1.276918779470851417e+00 2.676563880901204673e+00 9.451404749581568510e+00 1.210073380819695998e+01
9.864513776166897347e-23 1.455578062175310640e-02 8.448072017062288608e-02 1.900689979231446614e-01 1.295546901033405085e+00 2.752119454811385424e+00 8.367052102849566353e+00 1.007948575283754522e+01
